timestamp,open,high,low,close,volume,turnover
2022-10-22 00:00:00,19125.0,19134.5,19124.5,19134.5,65.933,1261223.4285
2022-10-22 00:01:00,19134.5,19142.5,19134.0,19139.5,109.665,2098802.7835
2022-10-22 00:02:00,19139.5,19139.5,19134.0,19135.5,18.31,350369.515
2022-10-22 00:03:00,19135.5,19135.5,19127.5,19132.5,74.05,1416789.8245
2022-10-22 00:04:00,19132.5,19132.5,19117.0,19117.0,144.489,2762772.765
2022-10-22 00:05:00,19117.0,19117.5,19117.0,19117.0,18.578,355160.544
2022-10-22 00:06:00,19117.0,19120.5,19112.0,19112.0,61.37,1173142.703
2022-10-22 00:07:00,19112.0,19125.0,19112.0,19125.0,106.919,2044283.4745
2022-10-22 00:08:00,19125.0,19130.0,19121.5,19122.0,116.732,2232629.49
2022-10-22 00:09:00,19122.0,19128.5,19116.0,19128.0,89.381,1709040.965
2022-10-22 00:10:00,19128.0,19134.0,19127.5,19128.0,35.558,680256.947
2022-10-22 00:11:00,19128.0,19128.0,19124.0,19127.5,18.802,359592.0975
2022-10-22 00:12:00,19127.5,19131.5,19125.0,19125.5,30.623,585759.509
2022-10-22 00:13:00,19125.5,19125.5,19125.0,19125.5,10.414,199170.237
2022-10-22 00:14:00,19125.5,19125.5,19120.0,19120.5,27.68,529365.444
2022-10-22 00:15:00,19120.5,19125.0,19113.0,19113.0,37.423,715449.674
2022-10-22 00:16:00,19113.0,19118.5,19113.0,19118.5,17.571,335889.96
2022-10-22 00:17:00,19118.5,19123.5,19118.0,19123.0,94.02,1797531.9165
2022-10-22 00:18:00,19123.0,19123.5,19121.0,19121.0,49.881,953895.1295
2022-10-22 00:19:00,19121.0,19136.0,19121.0,19135.5,56.616,1083041.6905
2022-10-22 00:20:00,19135.5,19135.5,19129.5,19130.0,63.579,1216586.511
2022-10-22 00:21:00,19130.0,19130.0,19126.0,19126.0,16.073,307444.1415
2022-10-22 00:22:00,19126.0,19130.0,19126.0,19129.5,28.198,539418.401
2022-10-22 00:23:00,19129.5,19130.0,19122.5,19122.5,26.626,509266.282
2022-10-22 00:24:00,19122.5,19123.0,19120.0,19120.0,15.149,289652.0955
2022-10-22 00:25:00,19120.0,19127.0,19120.0,19124.5,8.623,164904.251
2022-10-22 00:26:00,19124.5,19131.5,19124.5,19131.5,26.351,504042.506
2022-10-22 00:27:00,19131.5,19133.5,19126.0,19133.0,22.055,421905.7985
2022-10-22 00:28:00,19133.0,19133.5,19133.0,19133.0,12.894,246704.5535
2022-10-22 00:29:00,19133.0,19136.0,19124.5,19126.5,197.891,3785825.125
2022-10-22 00:30:00,19126.5,19131.5,19126.5,19131.5,16.399,313719.711
2022-10-22 00:31:00,19131.5,19131.5,19127.0,19131.5,12.979,248296.888
2022-10-22 00:32:00,19131.5,19135.0,19131.0,19135.0,12.269,234731.575
2022-10-22 00:33:00,19135.0,19152.0,19134.5,19152.0,125.32,2399209.3175
2022-10-22 00:34:00,19152.0,19163.0,19151.5,19158.5,126.073,2415576.424
2022-10-22 00:35:00,19158.5,19158.5,19152.0,19152.5,35.919,688075.445
2022-10-22 00:36:00,19152.5,19152.5,19150.0,19150.0,98.188,1880355.7685
2022-10-22 00:37:00,19150.0,19156.5,19150.0,19156.0,40.021,766428.681
2022-10-22 00:38:00,19156.0,19156.5,19152.5,19152.5,60.551,1159917.8985
2022-10-22 00:39:00,19152.5,19153.0,19152.5,19152.5,16.456,315175.797
2022-10-22 00:40:00,19152.5,19160.0,19150.0,19160.0,70.834,1356647.3565
2022-10-22 00:41:00,19160.0,19167.5,19159.5,19167.5,36.37,696989.9915
2022-10-22 00:42:00,19167.5,19175.0,19167.0,19175.0,53.189,1019792.7795
2022-10-22 00:43:00,19175.0,19175.0,19174.5,19175.0,39.107,749860.5775
2022-10-22 00:44:00,19175.0,19179.5,19160.5,19161.0,243.047,4660269.912
2022-10-22 00:45:00,19161.0,19166.5,19160.0,19160.0,31.385,601399.811
2022-10-22 00:46:00,19160.0,19160.5,19155.0,19155.0,51.943,995040.1895
2022-10-22 00:47:00,19155.0,19163.5,19155.0,19163.5,27.681,530401.941
2022-10-22 00:48:00,19163.5,19172.5,19159.0,19172.5,52.005,996645.832
2022-10-22 00:49:00,19172.5,19172.5,19170.0,19170.5,45.021,863104.3145
2022-10-22 00:50:00,19170.5,19170.5,19170.0,19170.5,22.356,428566.7865
2022-10-22 00:51:00,19170.5,19182.0,19170.0,19181.5,106.161,2035755.4715
2022-10-22 00:52:00,19181.5,19182.0,19181.5,19182.0,72.971,1399707.8265
2022-10-22 00:53:00,19182.0,19182.0,19170.5,19171.5,37.626,721666.142
2022-10-22 00:54:00,19171.5,19177.5,19171.0,19174.5,25.301,485123.9045
2022-10-22 00:55:00,19174.5,19175.0,19164.0,19164.0,49.725,953276.0355
2022-10-22 00:56:00,19164.0,19167.0,19164.0,19166.5,18.024,345441.15
2022-10-22 00:57:00,19166.5,19167.0,19163.5,19163.5,40.36,773473.829
2022-10-22 00:58:00,19163.5,19164.0,19160.0,19160.5,60.815,1165288.251
2022-10-22 00:59:00,19160.5,19160.5,19160.0,19160.5,59.149,1133295.7475
2022-10-22 01:00:00,19160.5,19160.5,19160.0,19160.0,47.469,909518.0255
2022-10-22 01:01:00,19160.0,19174.5,19160.0,19174.0,44.188,846885.0735
2022-10-22 01:02:00,19174.0,19174.5,19166.0,19166.5,45.073,864165.696
2022-10-22 01:03:00,19166.5,19167.5,19166.0,19167.0,21.481,411719.1045
2022-10-22 01:04:00,19167.0,19167.5,19163.5,19164.0,19.059,365282.374
2022-10-22 01:05:00,19164.0,19164.0,19159.5,19159.5,59.194,1134240.874
2022-10-22 01:06:00,19159.5,19164.0,19159.5,19163.5,14.658,280872.354
2022-10-22 01:07:00,19163.5,19165.0,19161.5,19162.0,20.639,395515.2175
2022-10-22 01:08:00,19162.0,19167.0,19161.5,19166.5,28.284,542056.306
2022-10-22 01:09:00,19166.5,19170.0,19166.5,19170.0,8.972,171984.2265
2022-10-22 01:10:00,19170.0,19190.0,19169.5,19189.5,136.466,2617634.9735
2022-10-22 01:11:00,19189.5,19214.0,19189.5,19196.0,367.34,7053154.4525
2022-10-22 01:12:00,19196.0,19196.5,19189.5,19189.5,138.278,2653959.791
2022-10-22 01:13:00,19189.5,19209.0,19189.5,19208.5,178.772,3431954.6915
2022-10-22 01:14:00,19208.5,19236.0,19208.5,19220.5,742.914,14282136.2365
2022-10-22 01:15:00,19220.5,19228.0,19211.0,19219.0,216.449,4160204.053
2022-10-22 01:16:00,19219.0,19219.5,19204.5,19205.0,111.473,2141596.9825
2022-10-22 01:17:00,19205.0,19230.0,19204.5,19223.0,217.858,4186364.366
2022-10-22 01:18:00,19223.0,19223.0,19215.0,19215.0,55.26,1062061.456
2022-10-22 01:19:00,19215.0,19247.0,19215.0,19227.5,521.906,10039800.7635
2022-10-22 01:20:00,19227.5,19230.0,19225.0,19225.5,114.436,2200399.7275
2022-10-22 01:21:00,19225.5,19225.5,19213.5,19214.0,78.844,1515503.1175
2022-10-22 01:22:00,19214.0,19214.0,19206.0,19210.5,132.864,2552257.2585
2022-10-22 01:23:00,19210.5,19210.5,19204.5,19204.5,56.557,1086270.501
2022-10-22 01:24:00,19204.5,19207.5,19185.0,19185.5,186.446,3578616.14
2022-10-22 01:25:00,19185.5,19198.0,19184.0,19191.0,96.748,1856597.3255
2022-10-22 01:26:00,19191.0,19191.5,19189.0,19189.0,26.538,509261.4
2022-10-22 01:27:00,19189.0,19189.5,19176.5,19177.0,94.81,1818619.747
2022-10-22 01:28:00,19177.0,19178.5,19167.0,19170.5,214.739,4117118.365
2022-10-22 01:29:00,19170.5,19180.0,19170.5,19176.0,78.243,1500455.4375
2022-10-22 01:30:00,19176.0,19192.0,19176.0,19191.5,176.538,3386684.227
2022-10-22 01:31:00,19191.5,19227.5,19191.5,19213.0,310.578,5968304.7355
2022-10-22 01:32:00,19213.0,19235.5,19211.5,19227.5,209.945,4035997.047
2022-10-22 01:33:00,19227.5,19228.0,19215.5,19215.5,142.776,2744371.049
2022-10-22 01:34:00,19215.5,19218.0,19213.5,19214.0,46.43,892190.0375
2022-10-22 01:35:00,19214.0,19218.5,19213.5,19218.5,44.946,863714.341
2022-10-22 01:36:00,19218.5,19218.5,19203.5,19203.5,87.886,1688511.8275
2022-10-22 01:37:00,19203.5,19207.5,19200.5,19207.0,48.57,932715.0615
2022-10-22 01:38:00,19207.0,19207.5,19207.0,19207.0,68.999,1325276.3475
2022-10-22 01:39:00,19207.0,19207.5,19202.0,19202.0,109.682,2106612.5055
2022-10-22 01:40:00,19202.0,19202.5,19202.0,19202.5,25.157,483070.272
2022-10-22 01:41:00,19202.5,19205.0,19202.0,19204.5,19.322,371039.0155
2022-10-22 01:42:00,19204.5,19205.0,19195.5,19196.0,46.678,896289.255
2022-10-22 01:43:00,19196.0,19196.0,19188.5,19188.5,71.011,1362857.88
2022-10-22 01:44:00,19188.5,19189.0,19188.5,19189.0,57.399,1101412.6465
2022-10-22 01:45:00,19189.0,19193.5,19177.5,19193.0,206.339,3959023.482
2022-10-22 01:46:00,19193.0,19193.5,19176.0,19176.0,118.992,2282591.868
2022-10-22 01:47:00,19176.0,19176.5,19170.5,19170.5,57.047,1093765.6715
2022-10-22 01:48:00,19170.5,19171.0,19163.5,19164.0,180.354,3456606.608
2022-10-22 01:49:00,19164.0,19166.5,19163.5,19166.5,68.381,1310467.233
2022-10-22 01:50:00,19166.5,19170.0,19166.0,19166.5,93.382,1790005.5825
2022-10-22 01:51:00,19166.5,19167.0,19163.0,19163.0,37.542,719452.371
2022-10-22 01:52:00,19163.0,19163.5,19163.0,19163.0,44.853,859524.402
2022-10-22 01:53:00,19163.0,19175.5,19163.0,19175.5,113.828,2181918.0025
2022-10-22 01:54:00,19175.5,19175.5,19175.0,19175.0,65.267,1251524.969
2022-10-22 01:55:00,19175.0,19175.5,19175.0,19175.5,5.3,101628.94
2022-10-22 01:56:00,19175.5,19176.0,19175.0,19176.0,81.956,1571554.234
2022-10-22 01:57:00,19176.0,19182.0,19175.5,19180.0,84.548,1621576.333
2022-10-22 01:58:00,19180.0,19184.5,19179.5,19184.0,52.37,1004534.559
2022-10-22 01:59:00,19184.0,19189.0,19184.0,19185.0,84.623,1623615.7615
2022-10-22 02:00:00,19185.0,19185.5,19184.5,19184.5,9.986,191582.3615
2022-10-22 02:01:00,19184.5,19185.0,19183.0,19183.0,15.62,299652.6925
2022-10-22 02:02:00,19183.0,19183.5,19181.0,19181.0,38.816,744594.8185
2022-10-22 02:03:00,19181.0,19181.5,19181.0,19181.0,18.118,347527.527
2022-10-22 02:04:00,19181.0,19181.5,19181.0,19181.0,9.27,177810.916
2022-10-22 02:05:00,19181.0,19181.5,19178.0,19178.0,35.852,687679.871
2022-10-22 02:06:00,19178.0,19178.5,19178.0,19178.0,20.695,396889.8235
2022-10-22 02:07:00,19178.0,19178.5,19176.5,19176.5,95.669,1834637.648
2022-10-22 02:08:00,19176.5,19177.0,19171.0,19171.0,86.618,1660776.413
2022-10-22 02:09:00,19171.0,19171.5,19168.5,19168.5,54.264,1040238.3215
2022-10-22 02:10:00,19168.5,19168.5,19166.0,19166.0,50.275,963669.143
2022-10-22 02:11:00,19166.0,19166.5,19161.0,19161.0,56.053,1074114.8555
2022-10-22 02:12:00,19161.0,19162.0,19161.0,19162.0,84.835,1625577.441
2022-10-22 02:13:00,19162.0,19168.0,19161.5,19168.0,50.803,973578.989
2022-10-22 02:14:00,19168.0,19168.0,19161.5,19161.5,15.815,303085.314
2022-10-22 02:15:00,19161.5,19167.5,19161.5,19167.0,46.829,897468.4865
2022-10-22 02:16:00,19167.0,19167.5,19167.0,19167.0,6.186,118569.1865
2022-10-22 02:17:00,19167.0,19167.5,19167.0,19167.5,14.724,282220.613
2022-10-22 02:18:00,19167.5,19167.5,19159.5,19160.0,47.515,910597.004
2022-10-22 02:19:00,19160.0,19160.0,19145.5,19145.5,266.299,5100243.127
2022-10-22 02:20:00,19145.5,19154.5,19145.5,19154.5,97.343,1864432.6615
2022-10-22 02:21:00,19154.5,19159.0,19154.0,19158.5,19.652,376464.0615
2022-10-22 02:22:00,19158.5,19158.5,19154.5,19157.5,27.718,530971.7105
2022-10-22 02:23:00,19157.5,19160.0,19157.5,19160.0,18.014,345145.197
2022-10-22 02:24:00,19160.0,19160.0,19159.5,19160.0,7.195,137853.9955
2022-10-22 02:25:00,19160.0,19161.5,19159.5,19161.5,25.125,481412.5315
2022-10-22 02:26:00,19161.5,19165.5,19160.5,19161.0,70.827,1357316.07
2022-10-22 02:27:00,19161.0,19161.0,19156.5,19159.5,74.487,1427010.722
2022-10-22 02:28:00,19159.5,19167.0,19159.5,19166.5,8.311,159280.514
2022-10-22 02:29:00,19166.5,19167.0,19166.5,19166.5,12.12,232300.2945
2022-10-22 02:30:00,19166.5,19167.0,19161.5,19162.0,18.239,349560.7
2022-10-22 02:31:00,19162.0,19162.0,19160.0,19160.5,11.862,227286.876
2022-10-22 02:32:00,19160.5,19160.5,19157.0,19157.5,14.484,277494.5805
2022-10-22 02:33:00,19157.5,19157.5,19157.0,19157.5,8.22,157470.9615
2022-10-22 02:34:00,19157.5,19157.5,19157.0,19157.0,20.612,394869.314
2022-10-22 02:35:00,19157.0,19160.0,19157.0,19159.5,33.588,643493.227
2022-10-22 02:36:00,19159.5,19161.0,19159.5,19160.5,15.202,291271.2735
2022-10-22 02:37:00,19160.5,19162.0,19157.5,19158.0,18.822,360640.1875
2022-10-22 02:38:00,19158.0,19158.0,19156.0,19156.5,17.116,327880.359
2022-10-22 02:39:00,19156.5,19156.5,19156.0,19156.0,22.48,430628.839
2022-10-22 02:40:00,19156.0,19156.5,19156.0,19156.5,13.532,259219.784
2022-10-22 02:41:00,19156.5,19156.5,19156.0,19156.0,17.512,335465.485
2022-10-22 02:42:00,19156.0,19156.5,19156.0,19156.5,15.841,303451.8305
2022-10-22 02:43:00,19156.5,19156.5,19155.0,19155.5,68.875,1319368.6595
2022-10-22 02:44:00,19155.5,19155.5,19143.5,19143.5,271.168,5191789.843
2022-10-22 02:45:00,19143.5,19144.0,19140.0,19142.0,61.665,1180377.274
2022-10-22 02:46:00,19142.0,19143.0,19142.0,19142.5,47.69,912911.4085
2022-10-22 02:47:00,19142.5,19143.0,19133.5,19137.5,88.436,1692454.69
2022-10-22 02:48:00,19137.5,19138.0,19137.5,19138.0,24.451,467933.7185
2022-10-22 02:49:00,19138.0,19138.0,19131.5,19132.0,39.8,761576.3
2022-10-22 02:50:00,19132.0,19135.0,19131.5,19134.5,54.033,1033881.092
2022-10-22 02:51:00,19134.5,19141.5,19134.5,19141.0,53.408,1022146.227
2022-10-22 02:52:00,19141.0,19141.5,19141.0,19141.5,11.02,210938.305
2022-10-22 02:53:00,19141.5,19143.5,19141.0,19142.5,23.321,446417.204
2022-10-22 02:54:00,19142.5,19142.5,19142.0,19142.5,41.963,803258.915
2022-10-22 02:55:00,19142.5,19144.0,19142.0,19144.0,20.951,401077.1035
2022-10-22 02:56:00,19144.0,19152.0,19143.5,19151.5,42.825,820012.4205
2022-10-22 02:57:00,19151.5,19152.0,19151.0,19151.0,38.37,734848.768
2022-10-22 02:58:00,19151.0,19151.5,19151.0,19151.5,9.815,187968.2045
2022-10-22 02:59:00,19151.5,19151.5,19144.0,19144.0,43.969,841900.778
2022-10-22 03:00:00,19144.0,19149.5,19143.5,19149.5,50.092,959098.742
2022-10-22 03:01:00,19149.5,19149.5,19145.0,19149.0,30.079,575967.918
2022-10-22 03:02:00,19149.0,19149.0,19148.5,19148.5,9.192,176014.1775
2022-10-22 03:03:00,19148.5,19149.0,19146.0,19146.0,19.618,375650.878
2022-10-22 03:04:00,19146.0,19146.5,19142.5,19142.5,16.052,307298.031
2022-10-22 03:05:00,19142.5,19142.5,19141.0,19141.5,28.788,551043.3915
2022-10-22 03:06:00,19141.5,19141.5,19140.0,19140.0,13.072,250206.0375
2022-10-22 03:07:00,19140.0,19140.5,19139.0,19139.5,10.163,194516.0105
2022-10-22 03:08:00,19139.5,19139.5,19137.0,19137.0,10.727,205296.801
2022-10-22 03:09:00,19137.0,19137.5,19132.5,19133.0,162.774,3114829.642
2022-10-22 03:10:00,19133.0,19134.5,19132.5,19134.5,16.529,316255.9295
2022-10-22 03:11:00,19134.5,19134.5,19133.5,19134.0,14.215,271989.3595
2022-10-22 03:12:00,19134.0,19134.0,19133.5,19133.5,16.571,317063.2775
2022-10-22 03:13:00,19133.5,19140.5,19133.5,19140.0,43.806,838309.6425
2022-10-22 03:14:00,19140.0,19140.5,19133.5,19134.0,57.435,1099239.0455
2022-10-22 03:15:00,19134.0,19134.0,19133.5,19133.5,48.699,931791.1765
2022-10-22 03:16:00,19133.5,19134.0,19133.5,19133.5,38.244,731752.088
2022-10-22 03:17:00,19133.5,19141.0,19133.5,19140.5,35.351,676558.286
2022-10-22 03:18:00,19140.5,19146.0,19140.5,19145.5,24.027,459940.783
2022-10-22 03:19:00,19145.5,19147.0,19145.5,19146.5,12.757,244256.4375
2022-10-22 03:20:00,19146.5,19150.0,19144.5,19145.0,34.086,652666.748
2022-10-22 03:21:00,19145.0,19145.0,19138.5,19139.0,18.7,357931.8955
2022-10-22 03:22:00,19139.0,19139.0,19138.5,19138.5,20.246,387480.038
2022-10-22 03:23:00,19138.5,19139.0,19138.5,19138.5,14.253,272786.731
2022-10-22 03:24:00,19138.5,19139.0,19138.5,19138.5,23.172,443480.4085
2022-10-22 03:25:00,19138.5,19150.5,19138.5,19150.0,73.497,1407218.72
2022-10-22 03:26:00,19150.0,19151.5,19150.0,19150.0,37.051,709568.0525
2022-10-22 03:27:00,19150.0,19150.5,19143.5,19143.5,41.862,801585.461
2022-10-22 03:28:00,19143.5,19144.0,19143.5,19143.5,3.649,69855.2795
2022-10-22 03:29:00,19143.5,19144.0,19143.5,19143.5,9.115,174495.2695
2022-10-22 03:30:00,19143.5,19144.0,19143.5,19143.5,49.368,945096.1475
2022-10-22 03:31:00,19143.5,19150.0,19143.5,19149.5,18.812,360178.11
2022-10-22 03:32:00,19149.5,19156.0,19149.5,19156.0,39.665,759684.9725
2022-10-22 03:33:00,19156.0,19156.0,19155.5,19155.5,14.554,278794.4805
2022-10-22 03:34:00,19155.5,19156.0,19147.5,19149.5,64.509,1235523.124
2022-10-22 03:35:00,19149.5,19150.0,19149.5,19149.5,11.004,210722.657
2022-10-22 03:36:00,19149.5,19174.0,19149.5,19169.5,243.277,4661229.687
2022-10-22 03:37:00,19169.5,19170.0,19169.5,19169.5,10.69,204925.281
2022-10-22 03:38:00,19169.5,19174.0,19169.5,19173.5,41.713,799778.9495
2022-10-22 03:39:00,19173.5,19181.0,19173.5,19180.5,70.139,1345085.427
2022-10-22 03:40:00,19180.5,19181.0,19176.5,19176.5,43.273,829935.1815
2022-10-22 03:41:00,19176.5,19176.5,19173.5,19174.0,30.312,581217.4825
2022-10-22 03:42:00,19174.0,19174.0,19168.0,19168.0,33.75,647031.2935
2022-10-22 03:43:00,19168.0,19168.5,19165.5,19166.0,8.113,155506.4395
2022-10-22 03:44:00,19166.0,19166.0,19165.5,19166.0,16.9,323898.5935
2022-10-22 03:45:00,19166.0,19174.0,19165.5,19173.5,24.805,475582.1425
2022-10-22 03:46:00,19173.5,19175.0,19171.5,19171.5,27.449,526311.576
2022-10-22 03:47:00,19171.5,19172.0,19171.0,19171.0,12.602,241598.9695
2022-10-22 03:48:00,19171.0,19171.5,19169.0,19169.5,47.124,903350.4855
2022-10-22 03:49:00,19169.5,19169.5,19166.5,19166.5,7.515,144049.964
2022-10-22 03:50:00,19166.5,19167.0,19166.5,19166.5,18.001,345018.573
2022-10-22 03:51:00,19166.5,19167.0,19166.5,19167.0,6.842,131139.2495
2022-10-22 03:52:00,19167.0,19167.0,19166.5,19167.0,8.322,159505.932
2022-10-22 03:53:00,19167.0,19167.0,19166.5,19166.5,21.806,417951.7385
2022-10-22 03:54:00,19166.5,19170.0,19166.5,19169.5,18.316,351088.922
2022-10-22 03:55:00,19169.5,19175.0,19169.5,19175.0,67.094,1286409.1465
2022-10-22 03:56:00,19175.0,19175.0,19174.5,19175.0,25.971,497991.4855
2022-10-22 03:57:00,19175.0,19175.0,19169.0,19169.0,85.242,1634174.5955
2022-10-22 03:58:00,19169.0,19170.0,19168.5,19169.5,65.082,1247582.6035
2022-10-22 03:59:00,19169.5,19174.5,19169.5,19174.0,64.121,1229290.7735
2022-10-22 04:00:00,19174.0,19176.5,19171.5,19172.0,63.489,1217419.502
2022-10-22 04:01:00,19172.0,19172.0,19168.5,19169.0,39.151,750550.0385
2022-10-22 04:02:00,19169.0,19169.0,19166.0,19166.5,47.073,902315.203
2022-10-22 04:03:00,19166.5,19166.5,19164.0,19164.0,57.251,1097206.8415
2022-10-22 04:04:00,19164.0,19164.5,19164.0,19164.5,15.969,306030.892
2022-10-22 04:05:00,19164.5,19164.5,19164.0,19164.5,7.957,152488.869
2022-10-22 04:06:00,19164.5,19164.5,19164.0,19164.5,9.52,182442.1355
2022-10-22 04:07:00,19164.5,19164.5,19164.0,19164.5,19.3,369868.097
2022-10-22 04:08:00,19164.5,19164.5,19156.5,19157.0,14.075,269679.913
2022-10-22 04:09:00,19157.0,19157.0,19156.5,19157.0,11.48,219917.7875
2022-10-22 04:10:00,19157.0,19160.5,19156.5,19160.5,44.864,859532.4655
2022-10-22 04:11:00,19160.5,19160.5,19160.0,19160.5,4.048,77560.1595
2022-10-22 04:12:00,19160.5,19161.0,19160.0,19161.0,9.535,182695.2065
2022-10-22 04:13:00,19161.0,19161.5,19161.0,19161.0,7.422,142214.367
2022-10-22 04:14:00,19161.0,19161.5,19161.0,19161.0,19.338,370538.719
2022-10-22 04:15:00,19161.0,19161.5,19161.0,19161.5,8.917,170862.2785
2022-10-22 04:16:00,19161.5,19161.5,19161.0,19161.5,3.794,72697.2865
2022-10-22 04:17:00,19161.5,19161.5,19161.0,19161.0,4.218,80821.4475
2022-10-22 04:18:00,19161.0,19161.5,19161.0,19161.0,49.533,949119.394
2022-10-22 04:19:00,19161.0,19165.5,19161.0,19165.0,33.799,647712.625
2022-10-22 04:20:00,19165.0,19166.0,19165.0,19166.0,10.334,198059.7045
2022-10-22 04:21:00,19166.0,19166.0,19165.5,19165.5,5.165,98991.2175
2022-10-22 04:22:00,19165.5,19166.0,19165.5,19166.0,7.597,145602.4005
2022-10-22 04:23:00,19166.0,19166.0,19165.5,19165.5,3.713,71162.42
2022-10-22 04:24:00,19165.5,19166.0,19165.5,19165.5,23.405,448577.4065
2022-10-22 04:25:00,19165.5,19166.0,19165.5,19165.5,4.212,80726.165
2022-10-22 04:26:00,19165.5,19166.0,19165.5,19165.5,11.153,213757.0415
2022-10-22 04:27:00,19165.5,19166.0,19165.5,19165.5,7.702,147614.3765
2022-10-22 04:28:00,19165.5,19179.0,19165.5,19179.0,75.966,1456351.1705
2022-10-22 04:29:00,19179.0,19179.0,19178.5,19178.5,26.499,508221.666
2022-10-22 04:30:00,19178.5,19180.0,19178.5,19179.5,35.301,677050.5295
2022-10-22 04:31:00,19179.5,19180.0,19179.5,19180.0,24.598,471782.6335
2022-10-22 04:32:00,19180.0,19180.0,19179.5,19179.5,7.242,138900.34
2022-10-22 04:33:00,19179.5,19180.0,19179.5,19179.5,29.075,557654.3215
2022-10-22 04:34:00,19179.5,19180.0,19179.5,19180.0,14.509,278280.6935
2022-10-22 04:35:00,19180.0,19180.0,19178.0,19178.0,35.683,684335.752
2022-10-22 04:36:00,19178.0,19178.5,19178.0,19178.0,11.186,214528.533
2022-10-22 04:37:00,19178.0,19178.5,19175.0,19175.0,31.401,602166.2765
2022-10-22 04:38:00,19175.0,19175.5,19173.5,19174.0,14.44,276868.7615
2022-10-22 04:39:00,19174.0,19174.0,19168.5,19169.0,23.177,444346.848
2022-10-22 04:40:00,19169.0,19169.0,19168.5,19168.5,13.284,254639.4715
2022-10-22 04:41:00,19168.5,19169.0,19168.5,19169.0,6.554,125632.5855
2022-10-22 04:42:00,19169.0,19171.5,19168.5,19171.0,36.214,694242.324
2022-10-22 04:43:00,19171.0,19171.5,19171.0,19171.5,17.964,344393.998
2022-10-22 04:44:00,19171.5,19172.0,19171.0,19172.0,11.78,225841.2075
2022-10-22 04:45:00,19172.0,19172.0,19171.5,19171.5,16.945,324861.231
2022-10-22 04:46:00,19171.5,19173.0,19171.5,19173.0,29.562,566752.2255
2022-10-22 04:47:00,19173.0,19173.0,19172.5,19173.0,7.429,142434.84
2022-10-22 04:48:00,19173.0,19173.0,19172.5,19173.0,8.731,167398.1825
2022-10-22 04:49:00,19173.0,19173.0,19169.0,19169.5,25.626,491246.632
2022-10-22 04:50:00,19169.5,19169.5,19169.0,19169.0,18.443,353537.6655
2022-10-22 04:51:00,19169.0,19169.5,19169.0,19169.5,10.422,199779.6485
2022-10-22 04:52:00,19169.5,19169.5,19168.5,19169.0,19.635,376382.5985
2022-10-22 04:53:00,19169.0,19169.0,19168.5,19169.0,15.268,292666.0045
2022-10-22 04:54:00,19169.0,19169.0,19168.5,19169.0,30.581,586192.9035
2022-10-22 04:55:00,19169.0,19169.0,19168.5,19169.0,5.194,99562.121
2022-10-22 04:56:00,19169.0,19169.0,19168.5,19168.5,11.586,222087.072
2022-10-22 04:57:00,19168.5,19169.0,19167.5,19167.5,19.138,366838.9475
2022-10-22 04:58:00,19167.5,19168.0,19167.5,19167.5,5.185,99383.8905
2022-10-22 04:59:00,19167.5,19170.0,19167.5,19170.0,27.983,536406.548
2022-10-22 05:00:00,19170.0,19170.0,19169.5,19169.5,11.842,227007.8695
2022-10-22 05:01:00,19169.5,19171.0,19169.5,19170.5,10.945,209819.5235
2022-10-22 05:02:00,19170.5,19174.0,19170.5,19173.5,51.992,996878.4575
2022-10-22 05:03:00,19173.5,19174.0,19166.5,19167.0,135.931,2605876.1385
2022-10-22 05:04:00,19167.0,19167.0,19166.5,19167.0,32.217,617489.6695
2022-10-22 05:05:00,19167.0,19167.0,19165.5,19166.0,65.715,1259538.543
2022-10-22 05:06:00,19166.0,19166.0,19164.5,19165.0,31.669,606934.432
2022-10-22 05:07:00,19165.0,19165.0,19164.5,19165.0,5.277,101131.866
2022-10-22 05:08:00,19165.0,19165.0,19164.5,19165.0,10.896,208820.613
2022-10-22 05:09:00,19165.0,19165.0,19164.5,19165.0,8.315,159354.453
2022-10-22 05:10:00,19165.0,19165.0,19164.5,19164.5,9.536,182756.057
2022-10-22 05:11:00,19164.5,19165.0,19164.5,19164.5,4.915,94194.467
2022-10-22 05:12:00,19164.5,19165.0,19162.0,19162.0,31.158,597097.921
2022-10-22 05:13:00,19162.0,19162.5,19162.0,19162.5,6.488,124323.215
2022-10-22 05:14:00,19162.5,19162.5,19156.5,19156.5,67.274,1288991.7435
2022-10-22 05:15:00,19156.5,19159.0,19156.5,19158.5,53.921,1033014.4015
2022-10-22 05:16:00,19158.5,19162.0,19158.5,19162.0,60.942,1167645.2175
2022-10-22 05:17:00,19162.0,19162.0,19161.5,19162.0,6.447,123535.8675
2022-10-22 05:18:00,19162.0,19162.0,19161.5,19162.0,11.098,212655.477
2022-10-22 05:19:00,19162.0,19162.0,19161.5,19162.0,11.427,218960.7885
2022-10-22 05:20:00,19162.0,19162.0,19156.5,19156.5,17.914,343209.661
2022-10-22 05:21:00,19156.5,19157.0,19156.5,19157.0,7.744,148349.6895
2022-10-22 05:22:00,19157.0,19157.0,19156.5,19156.5,19.057,365070.6245
2022-10-22 05:23:00,19156.5,19162.0,19156.5,19157.5,30.715,588435.947
2022-10-22 05:24:00,19157.5,19158.0,19157.5,19157.5,8.102,155214.599
2022-10-22 05:25:00,19157.5,19158.0,19157.5,19157.5,9.631,184507.714
2022-10-22 05:26:00,19157.5,19159.0,19157.5,19159.0,8.264,158327.6175
2022-10-22 05:27:00,19159.0,19159.0,19158.5,19159.0,7.587,145357.3915
2022-10-22 05:28:00,19159.0,19159.0,19157.0,19157.5,52.355,1003000.662
2022-10-22 05:29:00,19157.5,19157.5,19153.0,19153.0,46.818,896793.4125
2022-10-22 05:30:00,19153.0,19160.0,19153.0,19159.5,84.364,1616072.149
2022-10-22 05:31:00,19159.5,19161.5,19159.5,19161.5,8.065,154533.939
2022-10-22 05:32:00,19161.5,19161.5,19161.0,19161.5,18.869,361555.4225
2022-10-22 05:33:00,19161.5,19161.5,19146.0,19147.0,78.29,1499335.561
2022-10-22 05:34:00,19147.0,19147.5,19145.5,19147.0,37.697,721769.6335
2022-10-22 05:35:00,19147.0,19147.5,19143.0,19144.5,67.335,1289112.2925
2022-10-22 05:36:00,19144.5,19147.5,19144.5,19147.0,35.603,681678.287
2022-10-22 05:37:00,19147.0,19147.5,19147.0,19147.5,24.4,467195.3625
2022-10-22 05:38:00,19147.5,19147.5,19147.0,19147.5,26.168,501039.381
2022-10-22 05:39:00,19147.5,19147.5,19147.0,19147.0,13.609,260573.5425
2022-10-22 05:40:00,19147.0,19147.5,19146.0,19146.5,61.411,1175826.071
2022-10-22 05:41:00,19146.5,19146.5,19143.0,19143.0,36.844,705361.705
2022-10-22 05:42:00,19143.0,19143.5,19143.0,19143.5,15.029,287703.0505
2022-10-22 05:43:00,19143.5,19143.5,19143.0,19143.5,15.387,294553.4585
2022-10-22 05:44:00,19143.5,19143.5,19141.0,19141.5,21.074,403411.663
2022-10-22 05:45:00,19141.5,19141.5,19141.0,19141.5,31.001,593390.6435
2022-10-22 05:46:00,19141.5,19141.5,19141.0,19141.0,11.62,222420.0615
2022-10-22 05:47:00,19141.0,19141.5,19141.0,19141.0,24.579,470476.4955
2022-10-22 05:48:00,19141.0,19141.5,19141.0,19141.0,25.68,491551.652
2022-10-22 05:49:00,19141.0,19143.5,19141.0,19143.5,22.18,424573.074
2022-10-22 05:50:00,19143.5,19143.5,19143.0,19143.0,5.3,101459.7335
2022-10-22 05:51:00,19143.0,19143.5,19143.0,19143.0,30.918,591878.0195
2022-10-22 05:52:00,19143.0,19148.5,19143.0,19148.0,56.813,1087721.87
2022-10-22 05:53:00,19148.0,19148.5,19148.0,19148.0,51.054,977604.0435
2022-10-22 05:54:00,19148.0,19148.5,19148.0,19148.5,35.81,685693.295
2022-10-22 05:55:00,19148.5,19148.5,19147.5,19148.0,8.104,155177.435
2022-10-22 05:56:00,19148.0,19148.0,19147.5,19148.0,3.93,75250.4405
2022-10-22 05:57:00,19148.0,19148.0,19147.5,19148.0,11.835,226612.977
2022-10-22 05:58:00,19148.0,19149.0,19147.5,19148.5,34.658,663621.757
2022-10-22 05:59:00,19148.5,19153.0,19148.5,19152.5,34.861,667654.4155
2022-10-22 06:00:00,19152.5,19153.0,19152.5,19153.0,5.699,109152.0455
2022-10-22 06:01:00,19153.0,19153.0,19152.5,19152.5,9.469,181358.054
2022-10-22 06:02:00,19152.5,19153.0,19152.5,19152.5,17.379,332858.643
2022-10-22 06:03:00,19152.5,19157.0,19152.5,19156.5,27.657,529738.854
2022-10-22 06:04:00,19156.5,19168.0,19156.5,19165.5,165.82,3177826.426
2022-10-22 06:05:00,19165.5,19165.5,19161.5,19162.0,42.712,818567.3485
2022-10-22 06:06:00,19162.0,19162.0,19161.0,19161.5,13.616,260902.4895
2022-10-22 06:07:00,19161.5,19165.5,19161.0,19165.5,44.485,852523.3445
2022-10-22 06:08:00,19165.5,19165.5,19164.0,19164.0,28.147,539424.0445
2022-10-22 06:09:00,19164.0,19164.5,19164.0,19164.0,44.574,854229.3275
2022-10-22 06:10:00,19164.0,19164.5,19164.0,19164.5,18.198,348748.684
2022-10-22 06:11:00,19164.5,19166.0,19164.0,19165.5,11.014,211086.054
2022-10-22 06:12:00,19165.5,19168.0,19165.5,19167.5,48.846,936224.2645
2022-10-22 06:13:00,19167.5,19168.0,19166.0,19166.5,13.966,267693.6845
2022-10-22 06:14:00,19166.5,19166.5,19159.5,19159.5,31.462,602880.707
2022-10-22 06:15:00,19159.5,19160.0,19159.5,19159.5,5.563,106584.9325
2022-10-22 06:16:00,19159.5,19160.0,19159.5,19159.5,11.18,214204.524
2022-10-22 06:17:00,19159.5,19160.0,19153.5,19154.0,26.065,499300.3815
2022-10-22 06:18:00,19154.0,19154.0,19152.5,19153.0,16.563,317229.228
2022-10-22 06:19:00,19153.0,19153.0,19151.0,19151.0,10.545,201956.711
2022-10-22 06:20:00,19151.0,19151.5,19151.0,19151.0,18.503,354352.0975
2022-10-22 06:21:00,19151.0,19152.0,19151.0,19152.0,54.956,1052492.691
2022-10-22 06:22:00,19152.0,19152.0,19151.5,19152.0,20.476,392147.222
2022-10-22 06:23:00,19152.0,19152.0,19151.5,19151.5,15.442,295741.677
2022-10-22 06:24:00,19151.5,19152.0,19151.5,19152.0,3.975,76128.996
2022-10-22 06:25:00,19152.0,19155.5,19151.5,19155.5,62.234,1192037.6755
2022-10-22 06:26:00,19155.5,19155.5,19155.0,19155.0,7.324,140294.573
2022-10-22 06:27:00,19155.0,19155.5,19155.0,19155.5,5.14,98458.9095
2022-10-22 06:28:00,19155.5,19155.5,19155.0,19155.5,10.117,193791.7785
2022-10-22 06:29:00,19155.5,19155.5,19155.0,19155.0,2.278,43635.4565
2022-10-22 06:30:00,19155.0,19157.0,19155.0,19157.0,6.106,116966.098
2022-10-22 06:31:00,19157.0,19165.0,19157.0,19164.5,25.566,489914.5105
2022-10-22 06:32:00,19164.5,19165.0,19164.5,19164.5,5.325,102052.711
2022-10-22 06:33:00,19164.5,19165.0,19164.5,19164.5,9.186,176048.5765
2022-10-22 06:34:00,19164.5,19165.0,19163.0,19163.5,8.292,158913.9595
2022-10-22 06:35:00,19163.5,19163.5,19163.0,19163.0,5.486,105130.2245
2022-10-22 06:36:00,19163.0,19163.5,19163.0,19163.5,12.174,233296.037
2022-10-22 06:37:00,19163.5,19166.0,19163.0,19166.0,26.197,502060.145
2022-10-22 06:38:00,19166.0,19176.0,19166.0,19169.0,180.063,3452243.6455
2022-10-22 06:39:00,19169.0,19169.5,19163.0,19164.0,52.347,1003415.8125
2022-10-22 06:40:00,19164.0,19164.0,19163.0,19163.5,11.645,223158.737
2022-10-22 06:41:00,19163.5,19163.5,19160.0,19160.5,14.212,272324.2505
2022-10-22 06:42:00,19160.5,19160.5,19158.5,19159.0,16.659,319177.611
2022-10-22 06:43:00,19159.0,19159.0,19158.5,19158.5,2.174,41650.7505
2022-10-22 06:44:00,19158.5,19159.0,19158.5,19158.5,3.989,76423.648
2022-10-22 06:45:00,19158.5,19158.5,19155.0,19155.5,18.754,359250.62
2022-10-22 06:46:00,19155.5,19155.5,19155.0,19155.0,11.814,226298.983
2022-10-22 06:47:00,19155.0,19155.5,19155.0,19155.5,5.212,99836.924
2022-10-22 06:48:00,19155.5,19155.5,19155.0,19155.5,11.713,224363.8425
2022-10-22 06:49:00,19155.5,19155.5,19152.0,19152.0,10.426,199704.8985
2022-10-22 06:50:00,19152.0,19152.5,19151.0,19151.5,16.433,314714.629
2022-10-22 06:51:00,19151.5,19151.5,19151.0,19151.5,10.753,205930.927
2022-10-22 06:52:00,19151.5,19151.5,19148.0,19148.0,19.571,374775.8655
2022-10-22 06:53:00,19148.0,19148.5,19147.5,19148.0,44.313,848507.1835
2022-10-22 06:54:00,19148.0,19148.0,19146.0,19146.5,12.586,240986.6365
2022-10-22 06:55:00,19146.5,19146.5,19145.5,19145.5,31.717,607252.684
2022-10-22 06:56:00,19145.5,19146.0,19145.0,19145.5,7.712,147647.5205
2022-10-22 06:57:00,19145.5,19145.5,19145.0,19145.5,31.779,608412.122
2022-10-22 06:58:00,19145.5,19145.5,19145.0,19145.5,16.825,322115.4815
2022-10-22 06:59:00,19145.5,19145.5,19145.0,19145.5,4.899,93793.069
2022-10-22 07:00:00,19145.5,19145.5,19144.0,19144.5,34.962,669319.9775
2022-10-22 07:01:00,19144.5,19144.5,19144.0,19144.5,8.06,154301.735
2022-10-22 07:02:00,19144.5,19144.5,19140.5,19140.5,75.858,1452022.2925
2022-10-22 07:03:00,19140.5,19141.0,19140.5,19141.0,17.795,340605.4475
2022-10-22 07:04:00,19141.0,19141.0,19140.5,19140.5,50.166,960222.4585
2022-10-22 07:05:00,19140.5,19145.0,19140.5,19145.0,24.686,472569.465
2022-10-22 07:06:00,19145.0,19145.0,19142.0,19142.0,104.427,1999146.149
2022-10-22 07:07:00,19142.0,19142.5,19142.0,19142.0,4.943,94620.2725
2022-10-22 07:08:00,19142.0,19142.5,19142.0,19142.5,5.742,109914.4095
2022-10-22 07:09:00,19142.5,19142.5,19141.0,19141.0,45.683,874460.079
2022-10-22 07:10:00,19141.0,19141.5,19141.0,19141.0,6.345,121450.4935
2022-10-22 07:11:00,19141.0,19143.5,19141.0,19143.0,34.925,668540.8495
2022-10-22 07:12:00,19143.0,19145.0,19143.0,19145.0,11.333,216962.8035
2022-10-22 07:13:00,19145.0,19145.0,19144.5,19144.5,13.98,267646.233
2022-10-22 07:14:00,19144.5,19145.0,19144.5,19145.0,16.809,321808.172
2022-10-22 07:15:00,19145.0,19145.0,19144.5,19145.0,8.334,159554.0315
2022-10-22 07:16:00,19145.0,19145.0,19144.5,19145.0,27.028,517446.988
2022-10-22 07:17:00,19145.0,19145.0,19144.5,19145.0,6.523,124881.1485
2022-10-22 07:18:00,19145.0,19145.0,19142.5,19143.0,8.72,166929.2735
2022-10-22 07:19:00,19143.0,19143.0,19142.0,19142.5,24.805,474827.664
2022-10-22 07:20:00,19142.5,19142.5,19142.0,19142.5,6.908,132235.153
2022-10-22 07:21:00,19142.5,19143.0,19142.0,19142.5,13.012,249083.876
2022-10-22 07:22:00,19142.5,19143.0,19142.5,19143.0,7.432,142268.841
2022-10-22 07:23:00,19143.0,19143.0,19142.5,19142.5,4.022,76991.724
2022-10-22 07:24:00,19142.5,19143.0,19142.5,19142.5,13.785,263884.977
2022-10-22 07:25:00,19142.5,19143.0,19142.5,19142.5,9.62,184151.69
2022-10-22 07:26:00,19142.5,19144.5,19142.5,19144.5,88.731,1698614.67
2022-10-22 07:27:00,19144.5,19144.5,19144.0,19144.5,2.973,56915.76
2022-10-22 07:28:00,19144.5,19144.5,19144.0,19144.5,2.424,46405.731
2022-10-22 07:29:00,19144.5,19144.5,19144.0,19144.0,5.838,111764.8145
2022-10-22 07:30:00,19144.0,19144.5,19144.0,19144.0,3.185,60974.783
2022-10-22 07:31:00,19144.0,19144.5,19144.0,19144.0,7.425,142147.71
2022-10-22 07:32:00,19144.0,19144.5,19144.0,19144.0,2.033,38919.965
2022-10-22 07:33:00,19144.0,19144.5,19144.0,19144.5,4.949,94746.037
2022-10-22 07:34:00,19144.5,19144.5,19144.0,19144.0,35.438,678441.3355
2022-10-22 07:35:00,19144.0,19144.5,19144.0,19144.0,7.338,140480.236
2022-10-22 07:36:00,19144.0,19144.5,19144.0,19144.0,19.561,374483.505
2022-10-22 07:37:00,19144.0,19144.5,19144.0,19144.0,23.352,447061.0305
2022-10-22 07:38:00,19144.0,19144.5,19144.0,19144.5,18.664,357307.8205
2022-10-22 07:39:00,19144.5,19144.5,19144.0,19144.0,4.924,94267.0605
2022-10-22 07:40:00,19144.0,19144.5,19144.0,19144.5,5.406,103494.4
2022-10-22 07:41:00,19144.5,19150.0,19144.0,19149.5,42.87,820800.383
2022-10-22 07:42:00,19149.5,19151.0,19149.5,19150.5,19.917,381412.2855
2022-10-22 07:43:00,19150.5,19151.0,19150.5,19151.0,3.112,59597.7745
2022-10-22 07:44:00,19151.0,19151.0,19150.5,19150.5,2.615,50079.67
2022-10-22 07:45:00,19150.5,19151.0,19150.5,19150.5,13.858,265394.4595
2022-10-22 07:46:00,19150.5,19151.0,19150.5,19151.0,22.605,432897.7685
2022-10-22 07:47:00,19151.0,19151.0,19150.5,19150.5,2.425,46440.6235
2022-10-22 07:48:00,19150.5,19151.0,19150.5,19150.5,2.905,55633.3195
2022-10-22 07:49:00,19150.5,19151.0,19150.5,19151.0,3.362,64385.474
2022-10-22 07:50:00,19151.0,19151.0,19150.5,19150.5,3.363,64403.5345
2022-10-22 07:51:00,19150.5,19151.0,19150.5,19151.0,28.139,538879.184
2022-10-22 07:52:00,19151.0,19151.0,19150.5,19150.5,1.775,33992.3725
2022-10-22 07:53:00,19150.5,19151.0,19150.5,19150.5,6.138,117545.809
2022-10-22 07:54:00,19150.5,19151.0,19150.5,19150.5,2.3,44046.4885
2022-10-22 07:55:00,19150.5,19151.0,19150.5,19151.0,12.967,248329.928
2022-10-22 07:56:00,19151.0,19151.0,19150.5,19151.0,4.662,89280.8495
2022-10-22 07:57:00,19151.0,19151.0,19150.5,19150.5,5.93,113564.1825
2022-10-22 07:58:00,19150.5,19151.0,19150.5,19150.5,4.406,84377.3735
2022-10-22 07:59:00,19150.5,19151.0,19150.5,19151.0,7.668,146849.342
2022-10-22 08:00:00,19151.0,19151.0,19150.5,19151.0,3.5,67027.2465
2022-10-22 08:01:00,19151.0,19151.0,19150.5,19150.5,2.694,51592.437
2022-10-22 08:02:00,19150.5,19151.0,19150.5,19151.0,1.415,27098.0455
2022-10-22 08:03:00,19151.0,19151.0,19150.5,19151.0,5.587,106993.9405
2022-10-22 08:04:00,19151.0,19151.0,19150.0,19150.5,69.206,1325328.904
2022-10-22 08:05:00,19150.5,19150.5,19150.0,19150.5,33.991,650943.011
2022-10-22 08:06:00,19150.5,19150.5,19150.0,19150.5,9.953,190601.3125
2022-10-22 08:07:00,19150.5,19150.5,19146.5,19147.0,23.423,448508.979
2022-10-22 08:08:00,19147.0,19147.0,19146.5,19147.0,9.59,183615.688
2022-10-22 08:09:00,19147.0,19147.0,19146.5,19146.5,10.513,201290.293
2022-10-22 08:10:00,19146.5,19147.0,19146.5,19147.0,24.246,464237.4185
2022-10-22 08:11:00,19147.0,19147.0,19145.5,19146.0,38.147,730378.8165
2022-10-22 08:12:00,19146.0,19146.0,19145.5,19146.0,36.065,690483.147
2022-10-22 08:13:00,19146.0,19146.0,19144.0,19144.5,32.919,630228.887
2022-10-22 08:14:00,19144.5,19144.5,19144.0,19144.5,11.64,222837.6535
2022-10-22 08:15:00,19144.5,19144.5,19144.0,19144.5,9.296,177964.193
2022-10-22 08:16:00,19144.5,19144.5,19141.0,19141.5,26.605,509279.152
2022-10-22 08:17:00,19141.5,19141.5,19113.5,19123.0,743.523,14218572.3755
2022-10-22 08:18:00,19123.0,19128.0,19122.5,19125.0,106.677,2040200.731
2022-10-22 08:19:00,19125.0,19125.0,19123.0,19123.0,168.629,3224885.1515
2022-10-22 08:20:00,19123.0,19124.0,19123.0,19123.5,110.825,2119345.5545
2022-10-22 08:21:00,19123.5,19123.5,19117.5,19117.5,118.066,2257564.159
2022-10-22 08:22:00,19117.5,19118.0,19112.5,19112.5,99.123,1894656.2075
2022-10-22 08:23:00,19112.5,19117.5,19112.5,19117.0,100.534,1921867.424
2022-10-22 08:24:00,19117.0,19117.5,19117.0,19117.0,24.557,469465.299
2022-10-22 08:25:00,19117.0,19125.5,19117.0,19125.5,46.952,897802.0415
2022-10-22 08:26:00,19125.5,19126.5,19125.0,19126.5,30.682,586813.378
2022-10-22 08:27:00,19126.5,19126.5,19125.0,19125.5,15.007,287024.052
2022-10-22 08:28:00,19125.5,19125.5,19122.5,19123.0,18.457,352975.913
2022-10-22 08:29:00,19123.0,19123.0,19122.5,19123.0,10.951,209411.74
2022-10-22 08:30:00,19123.0,19123.0,19122.5,19123.0,13.666,261331.225
2022-10-22 08:31:00,19123.0,19123.0,19114.0,19114.5,86.562,1654824.897
2022-10-22 08:32:00,19114.5,19114.5,19102.0,19109.5,274.234,5239977.249
2022-10-22 08:33:00,19109.5,19114.5,19109.5,19109.5,88.273,1686920.461
2022-10-22 08:34:00,19109.5,19111.0,19109.5,19111.0,17.143,327605.0995
2022-10-22 08:35:00,19111.0,19112.0,19110.0,19111.5,22.275,425684.959
2022-10-22 08:36:00,19111.5,19116.5,19111.5,19116.5,58.269,1113797.5965
2022-10-22 08:37:00,19116.5,19116.5,19116.0,19116.0,17.848,341189.3295
2022-10-22 08:38:00,19116.0,19116.5,19116.0,19116.0,15.27,291907.565
2022-10-22 08:39:00,19116.0,19116.5,19116.0,19116.5,10.987,210029.534
2022-10-22 08:40:00,19116.5,19116.5,19116.0,19116.0,9.604,183591.833
2022-10-22 08:41:00,19116.0,19116.5,19116.0,19116.0,4.131,78969.453
2022-10-22 08:42:00,19116.0,19116.5,19116.0,19116.5,10.415,199095.265
2022-10-22 08:43:00,19116.5,19116.5,19116.0,19116.0,4.52,86405.8885
2022-10-22 08:44:00,19116.0,19118.0,19116.0,19117.5,8.525,162980.1025
2022-10-22 08:45:00,19117.5,19118.0,19117.5,19117.5,19.091,364981.047
2022-10-22 08:46:00,19117.5,19122.5,19117.5,19122.0,23.46,448561.28
2022-10-22 08:47:00,19122.0,19125.5,19122.0,19125.0,29.878,571389.702
2022-10-22 08:48:00,19125.0,19128.0,19125.0,19127.5,21.911,419081.927
2022-10-22 08:49:00,19127.5,19129.0,19127.5,19128.5,17.088,326857.7275
2022-10-22 08:50:00,19128.5,19129.0,19128.5,19129.0,4.823,92258.1095
2022-10-22 08:51:00,19129.0,19129.0,19128.5,19129.0,13.605,260249.941
2022-10-22 08:52:00,19129.0,19129.0,19128.5,19128.5,12.713,243184.399
2022-10-22 08:53:00,19128.5,19129.0,19128.5,19129.0,2.607,49868.8245
2022-10-22 08:54:00,19129.0,19129.0,19128.5,19129.0,14.736,281884.2735
2022-10-22 08:55:00,19129.0,19129.5,19124.5,19129.5,66.093,1264254.525
2022-10-22 08:56:00,19129.5,19129.5,19129.0,19129.5,2.158,41280.988
2022-10-22 08:57:00,19129.5,19129.5,19129.0,19129.0,7.39,141366.797
2022-10-22 08:58:00,19129.0,19129.5,19129.0,19129.0,15.625,298895.1335
2022-10-22 08:59:00,19129.0,19129.5,19129.0,19129.5,2.768,52949.3635
2022-10-22 09:00:00,19129.5,19129.5,19129.0,19129.0,18.658,356911.225
2022-10-22 09:01:00,19129.0,19129.5,19129.0,19129.0,2.754,52682.0635
2022-10-22 09:02:00,19129.0,19129.5,19126.5,19126.5,22.79,435949.393
2022-10-22 09:03:00,19126.5,19126.5,19117.0,19119.0,27.412,524185.9335
2022-10-22 09:04:00,19119.0,19119.5,19119.0,19119.0,9.744,186297.263
2022-10-22 09:05:00,19119.0,19119.5,19119.0,19119.0,8.046,153832.281
2022-10-22 09:06:00,19119.0,19119.5,19119.0,19119.0,6.645,127048.159
2022-10-22 09:07:00,19119.0,19119.5,19119.0,19119.0,4.96,94832.366
2022-10-22 09:08:00,19119.0,19119.5,19119.0,19119.5,5.352,102327.135
2022-10-22 09:09:00,19119.5,19119.5,19119.0,19119.5,2.098,40112.231
2022-10-22 09:10:00,19119.5,19119.5,19119.0,19119.0,2.764,52846.0185
2022-10-22 09:11:00,19119.0,19120.0,19119.0,19119.5,2.288,43746.246
2022-10-22 09:12:00,19119.5,19120.0,19119.5,19119.5,2.175,41585.36
2022-10-22 09:13:00,19119.5,19120.0,19119.5,19119.5,5.018,95942.674
2022-10-22 09:14:00,19119.5,19120.0,19119.5,19119.5,31.45,601312.0
2022-10-22 09:15:00,19119.5,19120.0,19119.5,19119.5,37.506,717097.799
2022-10-22 09:16:00,19119.5,19121.0,19119.5,19120.5,20.265,387468.283
2022-10-22 09:17:00,19120.5,19124.0,19120.5,19123.5,18.997,363258.465
2022-10-22 09:18:00,19123.5,19126.0,19123.5,19126.0,32.45,620606.671
2022-10-22 09:19:00,19126.0,19128.0,19126.0,19127.5,6.832,130676.8835
2022-10-22 09:20:00,19127.5,19128.0,19127.5,19127.5,11.872,227083.2495
2022-10-22 09:21:00,19127.5,19131.0,19127.5,19131.0,36.61,700358.219
2022-10-22 09:22:00,19131.0,19132.5,19130.5,19132.0,45.636,873071.1715
2022-10-22 09:23:00,19132.0,19133.5,19132.0,19133.5,13.824,264495.6025
2022-10-22 09:24:00,19133.5,19133.5,19133.0,19133.0,9.439,180597.549
2022-10-22 09:25:00,19133.0,19133.5,19133.0,19133.5,36.659,701414.0085
2022-10-22 09:26:00,19133.5,19133.5,19133.0,19133.5,37.629,719971.982
2022-10-22 09:27:00,19133.5,19135.0,19133.0,19135.0,38.965,745543.393
2022-10-22 09:28:00,19135.0,19146.0,19134.5,19145.5,131.597,2518707.0725
2022-10-22 09:29:00,19145.5,19146.0,19142.0,19142.0,69.323,1327197.4775
2022-10-22 09:30:00,19142.0,19142.5,19142.0,19142.0,15.013,287381.859
2022-10-22 09:31:00,19142.0,19147.0,19142.0,19147.0,25.907,496004.242
2022-10-22 09:32:00,19147.0,19147.0,19142.5,19142.5,27.141,519650.446
2022-10-22 09:33:00,19142.5,19143.0,19142.0,19142.0,6.638,127066.605
2022-10-22 09:34:00,19142.0,19142.5,19142.0,19142.0,7.977,152697.517
2022-10-22 09:35:00,19142.0,19142.5,19142.0,19142.0,6.198,118643.3205
2022-10-22 09:36:00,19142.0,19142.5,19142.0,19142.0,7.573,144963.433
2022-10-22 09:37:00,19142.0,19142.5,19142.0,19142.0,2.112,40428.2665
2022-10-22 09:38:00,19142.0,19142.5,19142.0,19142.0,6.724,128712.111
2022-10-22 09:39:00,19142.0,19142.5,19142.0,19142.5,27.948,534980.9655
2022-10-22 09:40:00,19142.5,19142.5,19141.0,19141.5,44.445,850765.403
2022-10-22 09:41:00,19141.5,19141.5,19140.5,19141.0,38.375,734531.59
2022-10-22 09:42:00,19141.0,19141.0,19140.5,19141.0,7.081,135534.4625
2022-10-22 09:43:00,19141.0,19141.0,19140.5,19140.5,9.588,183519.9355
2022-10-22 09:44:00,19140.5,19141.0,19140.5,19140.5,9.953,190505.773
2022-10-22 09:45:00,19140.5,19141.0,19140.5,19140.5,9.017,172593.4295
2022-10-22 09:46:00,19140.5,19141.0,19140.5,19140.5,2.63,50339.9745
2022-10-22 09:47:00,19140.5,19141.0,19140.5,19141.0,1.217,23294.5345
2022-10-22 09:48:00,19141.0,19141.0,19140.5,19141.0,11.744,224787.357
2022-10-22 09:49:00,19141.0,19141.0,19140.5,19141.0,2.143,41018.2755
2022-10-22 09:50:00,19141.0,19141.0,19140.5,19141.0,9.873,188976.754
2022-10-22 09:51:00,19141.0,19141.0,19140.5,19141.0,6.776,129696.172
2022-10-22 09:52:00,19141.0,19141.0,19140.0,19140.5,7.511,143766.025
2022-10-22 09:53:00,19140.5,19140.5,19140.0,19140.5,3.643,69727.2595
2022-10-22 09:54:00,19140.5,19141.5,19140.0,19141.0,21.343,408515.0005
2022-10-22 09:55:00,19141.0,19141.5,19141.0,19141.5,7.837,150011.588
2022-10-22 09:56:00,19141.5,19141.5,19141.0,19141.5,10.124,193787.1435
2022-10-22 09:57:00,19141.5,19141.5,19141.0,19141.0,2.7,51681.1135
2022-10-22 09:58:00,19141.0,19141.5,19141.0,19141.0,8.593,164482.42
2022-10-22 09:59:00,19141.0,19141.5,19141.0,19141.5,4.647,88949.5275
2022-10-22 10:00:00,19141.5,19141.5,19141.0,19141.0,15.879,303945.4245
2022-10-22 10:01:00,19141.0,19141.5,19141.0,19141.0,6.846,131042.1595
2022-10-22 10:02:00,19141.0,19141.5,19141.0,19141.0,15.839,303178.022
2022-10-22 10:03:00,19141.0,19141.5,19141.0,19141.5,2.28,43642.4505
2022-10-22 10:04:00,19141.5,19141.5,19141.0,19141.0,1.248,23888.3215
2022-10-22 10:05:00,19141.0,19141.5,19141.0,19141.5,3.677,70382.274
2022-10-22 10:06:00,19141.5,19141.5,19141.0,19141.0,7.611,145683.3525
2022-10-22 10:07:00,19141.0,19141.5,19141.0,19141.5,26.845,513852.038
2022-10-22 10:08:00,19141.5,19141.5,19141.0,19141.0,0.556,10642.4885
2022-10-22 10:09:00,19141.0,19141.5,19141.0,19141.0,2.479,47450.5625
2022-10-22 10:10:00,19141.0,19141.5,19141.0,19141.0,3.533,67626.1215
2022-10-22 10:11:00,19141.0,19141.5,19141.0,19141.5,4.372,83685.836
2022-10-22 10:12:00,19141.5,19142.0,19141.0,19141.5,6.76,129397.4665
2022-10-22 10:13:00,19141.5,19148.5,19141.5,19148.0,64.531,1235488.269
2022-10-22 10:14:00,19148.0,19149.0,19148.0,19149.0,55.476,1062285.999
2022-10-22 10:15:00,19149.0,19149.0,19144.5,19145.0,10.821,207200.388
2022-10-22 10:16:00,19145.0,19145.0,19144.5,19145.0,1.262,24160.5435
2022-10-22 10:17:00,19145.0,19145.0,19144.5,19145.0,3.046,58314.7435
2022-10-22 10:18:00,19145.0,19145.0,19142.0,19142.5,18.086,346213.536
2022-10-22 10:19:00,19142.5,19142.5,19142.0,19142.5,1.176,22511.3485
2022-10-22 10:20:00,19142.5,19142.5,19142.0,19142.0,4.698,89929.8885
2022-10-22 10:21:00,19142.0,19142.5,19142.0,19142.5,7.122,136329.519
2022-10-22 10:22:00,19142.5,19142.5,19142.0,19142.0,2.299,44007.543
2022-10-22 10:23:00,19142.0,19142.5,19142.0,19142.0,2.484,47549.065
2022-10-22 10:24:00,19142.0,19142.5,19142.0,19142.0,3.942,75459.064
2022-10-22 10:25:00,19142.0,19142.5,19140.5,19140.5,11.153,213485.7535
2022-10-22 10:26:00,19140.5,19141.0,19140.5,19141.0,8.539,163440.932
2022-10-22 10:27:00,19141.0,19141.0,19140.5,19141.0,4.464,85443.2355
2022-10-22 10:28:00,19141.0,19141.0,19140.5,19140.5,2.623,50206.1985
2022-10-22 10:29:00,19140.5,19141.0,19140.5,19141.0,24.211,463411.0155
2022-10-22 10:30:00,19141.0,19141.0,19140.5,19141.0,8.698,166484.612
2022-10-22 10:31:00,19141.0,19141.0,19140.5,19141.0,0.396,7579.705
2022-10-22 10:32:00,19141.0,19141.0,19139.5,19140.0,44.688,855340.419
2022-10-22 10:33:00,19140.0,19140.0,19139.5,19140.0,4.006,76672.88
2022-10-22 10:34:00,19140.0,19140.0,19138.5,19139.0,30.973,592800.682
2022-10-22 10:35:00,19139.0,19143.0,19138.5,19142.5,50.562,967739.4845
2022-10-22 10:36:00,19142.5,19143.0,19142.5,19142.5,5.167,98910.3565
2022-10-22 10:37:00,19142.5,19143.0,19142.5,19142.5,3.563,68205.609
2022-10-22 10:38:00,19142.5,19143.0,19142.5,19142.5,6.491,124256.2045
2022-10-22 10:39:00,19142.5,19143.0,19142.5,19143.0,2.99,57236.547
2022-10-22 10:40:00,19143.0,19143.0,19142.5,19142.5,2.46,47090.8145
2022-10-22 10:41:00,19142.5,19143.0,19142.5,19143.0,0.667,12768.1505
2022-10-22 10:42:00,19143.0,19143.0,19142.5,19142.5,2.341,44812.9505
2022-10-22 10:43:00,19142.5,19143.0,19142.5,19142.5,3.866,74006.728
2022-10-22 10:44:00,19142.5,19143.0,19142.5,19142.5,4.073,77968.849
2022-10-22 10:45:00,19142.5,19143.0,19142.5,19143.0,3.066,58691.534
2022-10-22 10:46:00,19143.0,19143.0,19140.0,19140.5,45.287,866904.297
2022-10-22 10:47:00,19140.5,19140.5,19134.0,19134.0,133.183,2548683.2775
2022-10-22 10:48:00,19134.0,19134.5,19134.0,19134.0,4.36,83424.842
2022-10-22 10:49:00,19134.0,19140.0,19134.0,19137.0,72.258,1382846.1605
2022-10-22 10:50:00,19137.0,19137.0,19135.5,19136.0,9.161,175301.8505
2022-10-22 10:51:00,19136.0,19136.0,19135.5,19136.0,24.827,475081.981
2022-10-22 10:52:00,19136.0,19136.0,19134.0,19134.5,9.377,179422.93
2022-10-22 10:53:00,19134.5,19134.5,19134.0,19134.5,3.361,64309.907
2022-10-22 10:54:00,19134.5,19134.5,19132.5,19133.0,25.076,479770.43
2022-10-22 10:55:00,19133.0,19134.5,19132.5,19134.0,14.332,274223.086
2022-10-22 10:56:00,19134.0,19134.5,19134.0,19134.0,18.047,345311.882
2022-10-22 10:57:00,19134.0,19134.5,19133.5,19134.0,14.25,272661.5145
2022-10-22 10:58:00,19134.0,19134.0,19133.5,19134.0,7.33,140248.7415
2022-10-22 10:59:00,19134.0,19134.0,19132.5,19133.0,9.184,175719.1165
2022-10-22 11:00:00,19133.0,19136.0,19132.5,19135.5,42.488,812935.3425
2022-10-22 11:01:00,19135.5,19136.0,19135.5,19136.0,3.485,66688.525
2022-10-22 11:02:00,19136.0,19136.0,19135.5,19135.5,4.55,87067.9215
2022-10-22 11:03:00,19135.5,19136.0,19135.5,19135.5,5.619,107522.9425
2022-10-22 11:04:00,19135.5,19136.0,19135.5,19135.5,1.622,31038.1255
2022-10-22 11:05:00,19135.5,19136.0,19135.5,19136.0,9.805,187628.082
2022-10-22 11:06:00,19136.0,19136.0,19135.5,19136.0,6.137,117435.1155
2022-10-22 11:07:00,19136.0,19136.0,19135.5,19136.0,4.96,94912.846
2022-10-22 11:08:00,19136.0,19136.0,19135.5,19136.0,1.644,31459.047
2022-10-22 11:09:00,19136.0,19136.0,19135.5,19136.0,2.918,55837.892
2022-10-22 11:10:00,19136.0,19136.0,19135.5,19136.0,6.593,126160.7345
2022-10-22 11:11:00,19136.0,19136.0,19135.5,19136.0,7.462,142790.441
2022-10-22 11:12:00,19136.0,19136.0,19135.5,19135.5,4.148,79374.7405
2022-10-22 11:13:00,19135.5,19136.0,19135.5,19135.5,4.914,94034.0475
2022-10-22 11:14:00,19135.5,19136.5,19135.5,19136.5,7.974,152591.0015
2022-10-22 11:15:00,19136.5,19136.5,19136.0,19136.0,2.628,50290.462
2022-10-22 11:16:00,19136.0,19136.5,19136.0,19136.5,6.04,115581.5445
2022-10-22 11:17:00,19136.5,19136.5,19136.0,19136.5,3.592,68736.892
2022-10-22 11:18:00,19136.5,19136.5,19135.5,19136.0,22.161,424071.3015
2022-10-22 11:19:00,19136.0,19136.0,19135.5,19136.0,2.271,43456.961
2022-10-22 11:20:00,19136.0,19136.0,19135.5,19136.0,3.991,76370.5495
2022-10-22 11:21:00,19136.0,19136.0,19135.5,19136.0,14.868,284506.815
2022-10-22 11:22:00,19136.0,19136.0,19135.5,19135.5,10.351,198072.317
2022-10-22 11:23:00,19135.5,19136.0,19135.5,19135.5,3.142,60123.867
2022-10-22 11:24:00,19135.5,19136.0,19135.5,19136.0,3.288,62917.662
2022-10-22 11:25:00,19136.0,19136.0,19135.5,19135.5,7.292,139536.2485
2022-10-22 11:26:00,19135.5,19136.0,19135.5,19135.5,2.424,46385.5295
2022-10-22 11:27:00,19135.5,19136.0,19135.5,19136.0,11.256,215389.521
2022-10-22 11:28:00,19136.0,19136.0,19131.0,19131.5,16.333,312513.3435
2022-10-22 11:29:00,19131.5,19131.5,19131.0,19131.5,3.757,71875.408
2022-10-22 11:30:00,19131.5,19131.5,19126.5,19126.5,27.065,517730.22
2022-10-22 11:31:00,19126.5,19127.0,19126.5,19127.0,14.078,269264.4
2022-10-22 11:32:00,19127.0,19127.0,19124.0,19124.5,8.639,165223.1095
2022-10-22 11:33:00,19124.5,19124.5,19123.0,19123.5,18.327,350481.836
2022-10-22 11:34:00,19123.5,19123.5,19123.0,19123.5,29.797,569819.4585
2022-10-22 11:35:00,19123.5,19123.5,19123.0,19123.5,10.612,202937.6445
2022-10-22 11:36:00,19123.5,19123.5,19123.0,19123.0,16.248,310717.4745
2022-10-22 11:37:00,19123.0,19124.5,19123.0,19124.0,21.694,414863.63
2022-10-22 11:38:00,19124.0,19124.5,19124.0,19124.0,14.051,268717.04
2022-10-22 11:39:00,19124.0,19128.0,19124.0,19128.0,11.295,216034.819
2022-10-22 11:40:00,19128.0,19128.0,19127.5,19127.5,11.997,229473.647
2022-10-22 11:41:00,19127.5,19128.0,19127.5,19127.5,2.977,56943.357
2022-10-22 11:42:00,19127.5,19128.0,19127.5,19128.0,3.209,61380.4845
2022-10-22 11:43:00,19128.0,19128.0,19127.5,19128.0,13.083,250250.2595
2022-10-22 11:44:00,19128.0,19128.0,19127.5,19128.0,12.924,247205.7235
2022-10-22 11:45:00,19128.0,19128.0,19127.5,19127.5,11.539,220717.7475
2022-10-22 11:46:00,19127.5,19128.0,19127.5,19128.0,2.069,39575.571
2022-10-22 11:47:00,19128.0,19128.0,19127.5,19128.0,12.044,230376.8575
2022-10-22 11:48:00,19128.0,19128.0,19127.5,19128.0,0.777,14862.291
2022-10-22 11:49:00,19128.0,19128.0,19127.5,19127.5,14.915,285293.586
2022-10-22 11:50:00,19127.5,19129.0,19127.5,19128.5,21.437,410056.015
2022-10-22 11:51:00,19128.5,19129.0,19128.5,19129.0,2.044,39099.3185
2022-10-22 11:52:00,19129.0,19129.0,19128.5,19128.5,6.189,118387.771
2022-10-22 11:53:00,19128.5,19129.5,19128.5,19129.0,15.407,294725.641
2022-10-22 11:54:00,19129.0,19129.5,19129.0,19129.5,10.372,198408.1335
2022-10-22 11:55:00,19129.5,19129.5,19129.0,19129.5,6.499,124322.368
2022-10-22 11:56:00,19129.5,19129.5,19129.0,19129.0,0.904,17292.95
2022-10-22 11:57:00,19129.0,19129.5,19129.0,19129.0,1.412,27010.6045
2022-10-22 11:58:00,19129.0,19129.5,19127.0,19127.0,45.354,867560.509
2022-10-22 11:59:00,19127.0,19127.5,19127.0,19127.0,3.82,73065.3075
2022-10-22 12:00:00,19127.0,19127.5,19127.0,19127.5,5.992,114611.5795
2022-10-22 12:01:00,19127.5,19127.5,19127.0,19127.0,2.35,44948.959
2022-10-22 12:02:00,19127.0,19127.5,19127.0,19127.0,5.321,101775.95
2022-10-22 12:03:00,19127.0,19127.5,19127.0,19127.0,5.686,108758.247
2022-10-22 12:04:00,19127.0,19129.5,19127.0,19129.0,13.084,250274.556
2022-10-22 12:05:00,19129.0,19129.5,19129.0,19129.5,8.041,153819.214
2022-10-22 12:06:00,19129.5,19129.5,19129.0,19129.0,2.751,52624.4235
2022-10-22 12:07:00,19129.0,19129.5,19129.0,19129.5,2.612,49965.3075
2022-10-22 12:08:00,19129.5,19129.5,19129.0,19129.0,19.274,368701.624
2022-10-22 12:09:00,19129.0,19129.5,19129.0,19129.0,11.768,225110.4955
2022-10-22 12:10:00,19129.0,19129.5,19129.0,19129.0,4.361,83422.3165
2022-10-22 12:11:00,19129.0,19129.5,19129.0,19129.5,3.858,73799.8465
2022-10-22 12:12:00,19129.5,19129.5,19129.0,19129.5,1.114,21309.799
2022-10-22 12:13:00,19129.5,19129.5,19129.0,19129.0,4.96,94880.4585
2022-10-22 12:14:00,19129.0,19129.5,19129.0,19129.5,5.379,102895.2395
2022-10-22 12:15:00,19129.5,19129.5,19127.0,19127.5,44.801,856960.105
2022-10-22 12:16:00,19127.5,19127.5,19127.0,19127.0,1.102,21078.0935
2022-10-22 12:17:00,19127.0,19127.5,19127.0,19127.0,5.495,105105.484
2022-10-22 12:18:00,19127.0,19127.5,19127.0,19127.5,4.7,89898.1725
2022-10-22 12:19:00,19127.5,19127.5,19127.0,19127.5,6.813,130314.891
2022-10-22 12:20:00,19127.5,19127.5,19127.0,19127.0,5.184,99156.5535
2022-10-22 12:21:00,19127.0,19129.5,19127.0,19129.0,10.657,203854.2095
2022-10-22 12:22:00,19129.0,19129.5,19129.0,19129.5,12.899,246750.7805
2022-10-22 12:23:00,19129.5,19129.5,19129.0,19129.0,2.373,45394.0535
2022-10-22 12:24:00,19129.0,19132.5,19129.0,19132.0,54.879,1049881.9245
2022-10-22 12:25:00,19132.0,19135.0,19132.0,19134.5,63.552,1216013.619
2022-10-22 12:26:00,19134.5,19136.0,19134.5,19135.5,24.36,466143.801
2022-10-22 12:27:00,19135.5,19136.0,19135.5,19136.0,5.87,112327.447
2022-10-22 12:28:00,19136.0,19136.0,19135.5,19136.0,25.08,479929.543
2022-10-22 12:29:00,19136.0,19136.0,19135.5,19136.0,5.837,111694.657
2022-10-22 12:30:00,19136.0,19136.0,19135.5,19135.5,3.392,64908.903
2022-10-22 12:31:00,19135.5,19136.0,19135.5,19135.5,7.704,147421.51
2022-10-22 12:32:00,19135.5,19136.0,19135.5,19135.5,11.814,226072.0865
2022-10-22 12:33:00,19135.5,19136.0,19135.5,19136.0,13.351,255483.6905
2022-10-22 12:34:00,19136.0,19136.0,19135.5,19136.0,7.016,134256.7385
2022-10-22 12:35:00,19136.0,19136.0,19135.5,19135.5,2.442,46729.9305
2022-10-22 12:36:00,19135.5,19141.5,19135.5,19141.0,178.769,3421522.436
2022-10-22 12:37:00,19141.0,19145.0,19141.0,19145.0,56.708,1085584.8195
2022-10-22 12:38:00,19145.0,19145.0,19144.5,19145.0,13.3,254623.9405
2022-10-22 12:39:00,19145.0,19145.0,19144.5,19145.0,11.951,228799.8445
2022-10-22 12:40:00,19145.0,19145.0,19144.5,19144.5,9.951,190510.0575
2022-10-22 12:41:00,19144.5,19145.5,19144.5,19145.0,14.644,280358.2295
2022-10-22 12:42:00,19145.0,19146.0,19145.0,19145.5,22.242,425843.1795
2022-10-22 12:43:00,19145.5,19147.0,19145.5,19146.5,16.775,321178.7455
2022-10-22 12:44:00,19146.5,19153.0,19146.5,19152.5,82.418,1578308.671
2022-10-22 12:45:00,19152.5,19153.5,19152.5,19153.5,38.473,736868.6135
2022-10-22 12:46:00,19153.5,19156.0,19153.0,19156.0,47.398,907900.9175
2022-10-22 12:47:00,19156.0,19156.0,19155.5,19156.0,35.679,683457.5425
2022-10-22 12:48:00,19156.0,19156.0,19153.0,19153.5,42.391,811967.5755
2022-10-22 12:49:00,19153.5,19153.5,19150.0,19150.5,35.896,687474.305
2022-10-22 12:50:00,19150.5,19150.5,19147.0,19147.0,12.296,235452.951
2022-10-22 12:51:00,19147.0,19147.5,19147.0,19147.5,15.155,290177.796
2022-10-22 12:52:00,19147.5,19147.5,19147.0,19147.0,8.873,169892.6315
2022-10-22 12:53:00,19147.0,19147.5,19147.0,19147.0,8.171,156451.223
2022-10-22 12:54:00,19147.0,19147.5,19147.0,19147.5,5.84,111818.67
2022-10-22 12:55:00,19147.5,19147.5,19147.0,19147.5,4.041,77373.1595
2022-10-22 12:56:00,19147.5,19147.5,19147.0,19147.5,8.523,163190.64
2022-10-22 12:57:00,19147.5,19147.5,19147.0,19147.0,10.992,210465.4265
2022-10-22 12:58:00,19147.0,19147.5,19147.0,19147.5,8.117,155416.4655
2022-10-22 12:59:00,19147.5,19147.5,19147.0,19147.5,22.875,437996.2235
2022-10-22 13:00:00,19147.5,19147.5,19147.0,19147.0,6.586,126102.489
2022-10-22 13:01:00,19147.0,19154.0,19147.0,19153.5,26.18,501335.904
2022-10-22 13:02:00,19153.5,19154.0,19150.5,19151.0,7.398,141686.8515
2022-10-22 13:03:00,19151.0,19151.0,19146.5,19146.5,44.113,844657.572
2022-10-22 13:04:00,19146.5,19147.0,19146.5,19147.0,7.69,147239.7915
2022-10-22 13:05:00,19147.0,19147.0,19146.5,19146.5,2.129,40763.053
2022-10-22 13:06:00,19146.5,19147.0,19146.5,19147.0,3.191,61097.072
2022-10-22 13:07:00,19147.0,19147.0,19146.5,19146.5,5.333,102108.692
2022-10-22 13:08:00,19146.5,19147.0,19146.5,19147.0,2.471,47311.281
2022-10-22 13:09:00,19147.0,19147.0,19146.5,19146.5,13.465,257809.678
2022-10-22 13:10:00,19146.5,19147.0,19146.0,19146.5,6.614,126632.571
2022-10-22 13:11:00,19146.5,19146.5,19146.0,19146.5,2.744,52536.694
2022-10-22 13:12:00,19146.5,19146.5,19145.0,19145.5,16.616,318115.3565
2022-10-22 13:13:00,19145.5,19145.5,19145.0,19145.5,1.883,36050.1795
2022-10-22 13:14:00,19145.5,19145.5,19144.5,19145.0,28.719,549823.1705
2022-10-22 13:15:00,19145.0,19145.5,19144.5,19145.0,50.977,975942.055
2022-10-22 13:16:00,19145.0,19145.5,19145.0,19145.0,5.983,114547.0455
2022-10-22 13:17:00,19145.0,19152.5,19145.0,19152.0,39.225,751133.1065
2022-10-22 13:18:00,19152.0,19154.5,19152.0,19154.0,24.392,467183.6865
2022-10-22 13:19:00,19154.0,19154.5,19154.0,19154.5,26.207,501977.431
2022-10-22 13:20:00,19154.5,19154.5,19154.0,19154.5,52.683,1009105.9925
2022-10-22 13:21:00,19154.5,19154.5,19154.0,19154.0,10.357,198382.369
2022-10-22 13:22:00,19154.0,19155.5,19154.0,19155.0,71.258,1364923.204
2022-10-22 13:23:00,19155.0,19161.0,19155.0,19156.5,79.874,1530263.7765
2022-10-22 13:24:00,19156.5,19156.5,19156.0,19156.0,21.904,419600.062
2022-10-22 13:25:00,19156.0,19162.5,19156.0,19162.0,33.118,634519.04
2022-10-22 13:26:00,19162.0,19162.5,19162.0,19162.5,24.169,463134.9485
2022-10-22 13:27:00,19162.5,19162.5,19162.0,19162.5,25.302,484845.083
2022-10-22 13:28:00,19162.5,19162.5,19160.0,19160.5,43.105,825941.821
2022-10-22 13:29:00,19160.5,19160.5,19154.0,19154.0,34.001,651314.833
2022-10-22 13:30:00,19154.0,19155.0,19154.0,19154.5,30.292,580229.865
2022-10-22 13:31:00,19154.5,19158.0,19154.5,19158.0,19.148,366808.522
2022-10-22 13:32:00,19158.0,19159.5,19157.5,19159.0,36.503,699350.084
2022-10-22 13:33:00,19159.0,19161.0,19159.0,19160.5,22.019,421869.606
2022-10-22 13:34:00,19160.5,19167.5,19160.5,19167.5,80.824,1548989.2035
2022-10-22 13:35:00,19167.5,19167.5,19167.0,19167.5,29.753,570281.021
2022-10-22 13:36:00,19167.5,19167.5,19163.0,19163.5,22.185,425146.8925
2022-10-22 13:37:00,19163.5,19163.5,19163.0,19163.5,36.807,705334.388
2022-10-22 13:38:00,19163.5,19163.5,19161.5,19161.5,9.345,179069.3245
2022-10-22 13:39:00,19161.5,19162.0,19161.5,19162.0,5.269,100963.098
2022-10-22 13:40:00,19162.0,19162.0,19161.5,19162.0,8.635,165460.979
2022-10-22 13:41:00,19162.0,19162.0,19154.5,19155.0,47.616,912169.45
2022-10-22 13:42:00,19155.0,19155.0,19154.5,19155.0,9.187,175974.99
2022-10-22 13:43:00,19155.0,19155.0,19154.5,19155.0,9.502,182007.379
2022-10-22 13:44:00,19155.0,19155.0,19154.5,19154.5,18.282,350190.4415
2022-10-22 13:45:00,19154.5,19155.0,19154.5,19155.0,5.333,102153.2005
2022-10-22 13:46:00,19155.0,19155.0,19154.5,19155.0,6.571,125864.6815
2022-10-22 13:47:00,19155.0,19155.0,19153.5,19153.5,19.903,381229.7865
2022-10-22 13:48:00,19153.5,19154.0,19152.5,19152.5,16.959,324815.502
2022-10-22 13:49:00,19152.5,19153.0,19152.5,19152.5,15.672,300161.155
2022-10-22 13:50:00,19152.5,19153.0,19152.5,19152.5,42.943,822468.6955
2022-10-22 13:51:00,19152.5,19155.0,19152.5,19155.0,14.291,273734.4655
2022-10-22 13:52:00,19155.0,19155.0,19154.5,19155.0,22.21,425423.943
2022-10-22 13:53:00,19155.0,19155.0,19154.5,19154.5,6.258,119869.6975
2022-10-22 13:54:00,19154.5,19156.5,19154.5,19156.0,27.02,517575.383
2022-10-22 13:55:00,19156.0,19158.0,19156.0,19158.0,12.345,236504.2575
2022-10-22 13:56:00,19158.0,19158.0,19157.5,19158.0,2.374,45480.7875
2022-10-22 13:57:00,19158.0,19159.0,19157.5,19159.0,17.584,336885.463
2022-10-22 13:58:00,19159.0,19159.0,19158.5,19159.0,9.019,172791.711
2022-10-22 13:59:00,19159.0,19159.0,19158.5,19159.0,15.658,299985.481
2022-10-22 14:00:00,19159.0,19159.0,19155.5,19156.0,17.885,342608.796
2022-10-22 14:01:00,19156.0,19156.0,19154.5,19154.5,41.33,791683.736
2022-10-22 14:02:00,19154.5,19155.0,19154.5,19155.0,12.671,242708.4745
2022-10-22 14:03:00,19155.0,19155.0,19151.0,19151.0,36.864,706079.1975
2022-10-22 14:04:00,19151.0,19151.5,19151.0,19151.0,22.576,432354.9675
2022-10-22 14:05:00,19151.0,19151.5,19151.0,19151.0,4.443,85089.654
2022-10-22 14:06:00,19151.0,19151.5,19151.0,19151.0,6.727,128829.232
2022-10-22 14:07:00,19151.0,19151.5,19151.0,19151.5,9.671,185210.4695
2022-10-22 14:08:00,19151.5,19151.5,19151.0,19151.5,3.172,60747.7625
2022-10-22 14:09:00,19151.5,19151.5,19151.0,19151.5,23.29,446027.082
2022-10-22 14:10:00,19151.5,19151.5,19151.0,19151.0,14.099,270015.2635
2022-10-22 14:11:00,19151.0,19151.5,19151.0,19151.0,2.717,52034.1625
2022-10-22 14:12:00,19151.0,19151.5,19151.0,19151.5,5.376,102956.7955
2022-10-22 14:13:00,19151.5,19151.5,19151.0,19151.0,3.375,64635.5395
2022-10-22 14:14:00,19151.0,19151.5,19151.0,19151.0,5.549,106270.3745
2022-10-22 14:15:00,19151.0,19151.5,19151.0,19151.5,20.5,392596.5975
2022-10-22 14:16:00,19151.5,19151.5,19151.0,19151.5,7.555,144686.0435
2022-10-22 14:17:00,19151.5,19151.5,19150.5,19151.0,4.065,77848.694
2022-10-22 14:18:00,19151.0,19151.0,19150.0,19150.5,24.81,475114.137
2022-10-22 14:19:00,19150.5,19150.5,19150.0,19150.5,3.411,65321.299
2022-10-22 14:20:00,19150.5,19150.5,19150.0,19150.5,14.497,277618.5175
2022-10-22 14:21:00,19150.5,19150.5,19149.0,19149.5,30.641,586771.3205
2022-10-22 14:22:00,19149.5,19149.5,19148.0,19148.0,18.89,361725.457
2022-10-22 14:23:00,19148.0,19148.5,19148.0,19148.0,5.529,105869.4875
2022-10-22 14:24:00,19148.0,19148.5,19147.5,19147.5,9.439,180734.742
2022-10-22 14:25:00,19147.5,19147.5,19147.0,19147.5,8.92,170792.6215
2022-10-22 14:26:00,19147.5,19147.5,19147.0,19147.5,5.821,111455.0595
2022-10-22 14:27:00,19147.5,19147.5,19147.0,19147.5,13.263,253947.6355
2022-10-22 14:28:00,19147.5,19147.5,19147.0,19147.0,26.023,498270.401
2022-10-22 14:29:00,19147.0,19147.5,19147.0,19147.0,3.253,62286.3145
2022-10-22 14:30:00,19147.0,19147.5,19147.0,19147.0,18.294,350281.343
2022-10-22 14:31:00,19147.0,19147.5,19146.0,19146.0,14.696,281383.197
2022-10-22 14:32:00,19146.0,19146.5,19146.0,19146.0,3.807,72889.177
2022-10-22 14:33:00,19146.0,19146.5,19143.5,19143.5,16.858,322739.494
2022-10-22 14:34:00,19143.5,19144.0,19142.5,19142.5,7.929,151784.946
2022-10-22 14:35:00,19142.5,19143.0,19142.5,19142.5,2.162,41386.5705
2022-10-22 14:36:00,19142.5,19143.0,19142.5,19143.0,7.413,141906.471
2022-10-22 14:37:00,19143.0,19143.0,19142.5,19142.5,8.706,166655.1485
2022-10-22 14:38:00,19142.5,19143.0,19142.5,19142.5,5.402,103409.654
2022-10-22 14:39:00,19142.5,19143.0,19142.5,19142.5,4.556,87214.371
2022-10-22 14:40:00,19142.5,19143.0,19142.5,19143.0,11.054,211604.464
2022-10-22 14:41:00,19143.0,19143.0,19142.5,19142.5,5.69,108921.3985
2022-10-22 14:42:00,19142.5,19143.0,19142.5,19142.5,12.645,242058.5985
2022-10-22 14:43:00,19142.5,19143.0,19142.5,19142.5,3.826,73239.5845
2022-10-22 14:44:00,19142.5,19143.0,19142.5,19143.0,13.287,254347.4895
2022-10-22 14:45:00,19143.0,19143.0,19142.5,19143.0,7.967,152512.0125
2022-10-22 14:46:00,19143.0,19143.0,19142.5,19142.5,13.187,252436.44
2022-10-22 14:47:00,19142.5,19143.0,19142.5,19143.0,14.489,277359.886
2022-10-22 14:48:00,19143.0,19143.0,19142.5,19142.5,4.931,94392.544
2022-10-22 14:49:00,19142.5,19143.0,19142.5,19142.5,25.359,485438.8305
2022-10-22 14:50:00,19142.5,19143.0,19142.5,19142.5,8.38,160416.882
2022-10-22 14:51:00,19142.5,19143.0,19142.5,19143.0,9.914,189779.253
2022-10-22 14:52:00,19143.0,19143.0,19142.5,19143.0,3.972,76035.62
2022-10-22 14:53:00,19143.0,19143.0,19142.5,19143.0,3.742,71631.9665
2022-10-22 14:54:00,19143.0,19143.0,19142.5,19143.0,4.266,81663.8855
2022-10-22 14:55:00,19143.0,19143.0,19142.5,19143.0,2.534,48507.994
2022-10-22 14:56:00,19143.0,19143.0,19142.5,19143.0,23.976,458972.203
2022-10-22 14:57:00,19143.0,19143.0,19142.5,19142.5,2.935,56184.0285
2022-10-22 14:58:00,19142.5,19143.0,19142.0,19142.0,17.577,336467.7125
2022-10-22 14:59:00,19142.0,19142.5,19141.5,19141.5,22.6,432608.23
2022-10-22 15:00:00,19141.5,19142.0,19141.5,19141.5,3.909,74825.5095
2022-10-22 15:01:00,19141.5,19142.5,19141.5,19142.0,12.547,240177.35
2022-10-22 15:02:00,19142.0,19144.0,19142.0,19143.5,24.018,459786.885
2022-10-22 15:03:00,19143.5,19145.5,19143.5,19145.0,57.427,1099428.983
2022-10-22 15:04:00,19145.0,19146.5,19145.0,19146.0,8.155,156131.397
2022-10-22 15:05:00,19146.0,19146.5,19146.0,19146.0,30.952,592622.371
2022-10-22 15:06:00,19146.0,19153.5,19146.0,19153.5,109.804,2102873.893
2022-10-22 15:07:00,19153.5,19153.5,19153.0,19153.0,19.038,364641.9815
2022-10-22 15:08:00,19153.0,19153.5,19153.0,19153.5,21.241,406831.3085
2022-10-22 15:09:00,19153.5,19153.5,19153.0,19153.5,9.755,186839.3735
2022-10-22 15:10:00,19153.5,19153.5,19153.0,19153.5,11.261,215684.473
2022-10-22 15:11:00,19153.5,19153.5,19153.0,19153.5,8.689,166421.26
2022-10-22 15:12:00,19153.5,19153.5,19153.0,19153.5,15.26,292275.4255
2022-10-22 15:13:00,19153.5,19153.5,19153.0,19153.0,5.319,101877.013
2022-10-22 15:14:00,19153.0,19153.5,19153.0,19153.0,12.632,241946.602
2022-10-22 15:15:00,19153.0,19153.5,19153.0,19153.0,14.252,272975.3735
2022-10-22 15:16:00,19153.0,19155.0,19153.0,19154.5,25.126,481286.51
2022-10-22 15:17:00,19154.5,19158.0,19154.5,19157.5,40.333,772652.269
2022-10-22 15:18:00,19157.5,19162.0,19157.5,19161.5,64.693,1239488.7315
2022-10-22 15:19:00,19161.5,19162.0,19145.5,19145.5,204.067,3908315.4775
2022-10-22 15:20:00,19145.5,19146.0,19145.5,19146.0,19.009,363937.882
2022-10-22 15:21:00,19146.0,19146.0,19145.5,19146.0,5.3,101472.061
2022-10-22 15:22:00,19146.0,19146.0,19145.5,19146.0,3.818,73098.1375
2022-10-22 15:23:00,19146.0,19146.0,19145.5,19146.0,9.93,190116.16
2022-10-22 15:24:00,19146.0,19146.0,19143.0,19143.0,27.03,517477.0145
2022-10-22 15:25:00,19143.0,19143.5,19132.0,19132.0,116.466,2228666.384
2022-10-22 15:26:00,19132.0,19132.5,19132.0,19132.0,17.538,335539.9025
2022-10-22 15:27:00,19132.0,19132.5,19132.0,19132.5,43.394,830233.071
2022-10-22 15:28:00,19132.5,19132.5,19132.0,19132.5,17.252,330070.341
2022-10-22 15:29:00,19132.5,19132.5,19130.5,19130.5,74.695,1429036.159
2022-10-22 15:30:00,19130.5,19131.0,19130.5,19130.5,34.904,667734.4305
2022-10-22 15:31:00,19130.5,19131.0,19130.5,19130.5,25.699,491641.088
2022-10-22 15:32:00,19130.5,19131.0,19130.5,19131.0,10.006,191421.8505
2022-10-22 15:33:00,19131.0,19131.0,19130.5,19130.5,5.85,111915.7555
2022-10-22 15:34:00,19130.5,19131.0,19130.5,19130.5,23.591,451317.3695
2022-10-22 15:35:00,19130.5,19131.0,19130.5,19131.0,21.417,409723.252
2022-10-22 15:36:00,19131.0,19133.5,19130.5,19133.5,14.499,277398.2985
2022-10-22 15:37:00,19133.5,19133.5,19133.0,19133.5,16.443,314610.6975
2022-10-22 15:38:00,19133.5,19133.5,19133.0,19133.5,25.167,481532.4545
2022-10-22 15:39:00,19133.5,19133.5,19133.0,19133.5,6.017,115124.802
2022-10-22 15:40:00,19133.5,19135.0,19133.0,19134.5,2.364,45233.24
2022-10-22 15:41:00,19134.5,19138.5,19134.5,19138.5,18.559,355138.195
2022-10-22 15:42:00,19138.5,19138.5,19138.0,19138.0,5.099,97586.971
2022-10-22 15:43:00,19138.0,19139.0,19138.0,19139.0,37.276,713406.3985
2022-10-22 15:44:00,19139.0,19139.0,19138.5,19139.0,4.653,89053.441
2022-10-22 15:45:00,19139.0,19139.0,19138.5,19139.0,7.658,146566.048
2022-10-22 15:46:00,19139.0,19139.0,19138.5,19138.5,3.909,74813.6995
2022-10-22 15:47:00,19138.5,19139.0,19138.5,19138.5,1.404,26870.878
2022-10-22 15:48:00,19138.5,19139.0,19138.5,19139.0,8.107,155157.864
2022-10-22 15:49:00,19139.0,19139.0,19138.5,19139.0,86.409,1653743.086
2022-10-22 15:50:00,19139.0,19139.0,19138.5,19138.5,3.057,58507.57
2022-10-22 15:51:00,19138.5,19139.0,19138.5,19139.0,5.85,111960.6845
2022-10-22 15:52:00,19139.0,19139.0,19138.0,19138.0,30.201,577994.604
2022-10-22 15:53:00,19138.0,19138.5,19138.0,19138.0,16.791,321346.843
2022-10-22 15:54:00,19138.0,19138.5,19138.0,19138.5,5.692,108935.891
2022-10-22 15:55:00,19138.5,19138.5,19138.0,19138.0,6.923,132494.4395
2022-10-22 15:56:00,19138.0,19138.5,19138.0,19138.5,5.713,109336.208
2022-10-22 15:57:00,19138.5,19138.5,19138.0,19138.0,8.041,153891.9665
2022-10-22 15:58:00,19138.0,19138.5,19138.0,19138.5,1.633,31252.913
2022-10-22 15:59:00,19138.5,19138.5,19138.0,19138.5,8.33,159421.222
2022-10-22 16:00:00,19138.5,19138.5,19138.0,19138.5,8.653,165605.093
2022-10-22 16:01:00,19138.5,19142.5,19138.0,19142.0,54.596,1044956.6385
2022-10-22 16:02:00,19142.0,19142.5,19142.0,19142.0,6.613,126588.8635
2022-10-22 16:03:00,19142.0,19148.0,19142.0,19148.0,84.354,1615091.1575
2022-10-22 16:04:00,19148.0,19148.0,19147.5,19148.0,23.568,451279.177
2022-10-22 16:05:00,19148.0,19148.0,19147.5,19147.5,9.352,179071.385
2022-10-22 16:06:00,19147.5,19148.0,19147.5,19147.5,14.156,271057.258
2022-10-22 16:07:00,19147.5,19148.0,19147.5,19147.5,6.043,115710.9425
2022-10-22 16:08:00,19147.5,19148.0,19147.5,19147.5,7.925,151745.388
2022-10-22 16:09:00,19147.5,19148.0,19147.5,19147.5,4.734,90645.9695
2022-10-22 16:10:00,19147.5,19148.5,19147.5,19148.0,8.906,170532.0855
2022-10-22 16:11:00,19148.0,19148.5,19148.0,19148.0,3.504,67095.7035
2022-10-22 16:12:00,19148.0,19148.5,19148.0,19148.0,2.399,45936.2995
2022-10-22 16:13:00,19148.0,19148.5,19148.0,19148.0,18.899,361886.787
2022-10-22 16:14:00,19148.0,19149.5,19148.0,19149.0,7.807,149497.044
2022-10-22 16:15:00,19149.0,19152.5,19149.0,19152.0,17.185,329107.822
2022-10-22 16:16:00,19152.0,19158.5,19152.0,19158.0,39.952,765287.3425
2022-10-22 16:17:00,19158.0,19161.0,19158.0,19161.0,42.464,813625.4615
2022-10-22 16:18:00,19161.0,19161.0,19160.5,19160.5,20.894,400346.626
2022-10-22 16:19:00,19160.5,19161.0,19157.0,19157.0,89.176,1708597.1105
2022-10-22 16:20:00,19157.0,19157.5,19157.0,19157.5,19.997,383084.8045
2022-10-22 16:21:00,19157.5,19157.5,19157.0,19157.0,10.589,202854.3875
2022-10-22 16:22:00,19157.0,19157.5,19157.0,19157.5,10.711,205193.3015
2022-10-22 16:23:00,19157.5,19157.5,19157.0,19157.5,29.857,571972.14
2022-10-22 16:24:00,19157.5,19157.5,19157.0,19157.0,20.327,389408.2325
2022-10-22 16:25:00,19157.0,19157.5,19157.0,19157.0,10.498,201112.117
2022-10-22 16:26:00,19157.0,19157.5,19157.0,19157.5,63.751,1221305.4045
2022-10-22 16:27:00,19157.5,19157.5,19157.0,19157.0,10.382,198890.891
2022-10-22 16:28:00,19157.0,19157.5,19157.0,19157.0,6.458,123718.3665
2022-10-22 16:29:00,19157.0,19158.0,19157.0,19157.5,62.795,1202994.752
2022-10-22 16:30:00,19157.5,19159.0,19157.5,19158.5,22.456,430207.1475
2022-10-22 16:31:00,19158.5,19160.0,19158.5,19159.5,16.811,322092.9675
2022-10-22 16:32:00,19159.5,19161.0,19159.5,19160.5,17.732,339744.9725
2022-10-22 16:33:00,19160.5,19162.0,19160.5,19161.5,28.884,553450.615
2022-10-22 16:34:00,19161.5,19167.0,19157.5,19157.5,100.487,1925550.418
2022-10-22 16:35:00,19157.5,19160.0,19157.5,19159.5,22.417,429476.8865
2022-10-22 16:36:00,19159.5,19160.0,19159.5,19159.5,12.376,237121.209
2022-10-22 16:37:00,19159.5,19160.0,19159.5,19159.5,5.815,111415.002
2022-10-22 16:38:00,19159.5,19160.0,19159.5,19159.5,7.55,144655.1925
2022-10-22 16:39:00,19159.5,19160.0,19154.0,19154.0,76.914,1473390.5195
2022-10-22 16:40:00,19154.0,19154.5,19154.0,19154.0,2.548,48804.929
2022-10-22 16:41:00,19154.0,19154.5,19154.0,19154.5,8.398,160855.759
2022-10-22 16:42:00,19154.5,19154.5,19154.0,19154.0,10.234,196022.914
2022-10-22 16:43:00,19154.0,19154.5,19154.0,19154.5,3.628,69491.629
2022-10-22 16:44:00,19154.5,19154.5,19152.0,19152.5,10.881,208404.1785
2022-10-22 16:45:00,19152.5,19152.5,19152.0,19152.5,18.084,346345.338
2022-10-22 16:46:00,19152.5,19152.5,19152.0,19152.5,10.014,191788.9195
2022-10-22 16:47:00,19152.5,19152.5,19152.0,19152.0,3.526,67531.132
2022-10-22 16:48:00,19152.0,19152.5,19152.0,19152.5,3.17,60712.399
2022-10-22 16:49:00,19152.5,19152.5,19152.0,19152.0,10.012,191753.5325
2022-10-22 16:50:00,19152.0,19158.0,19152.0,19157.5,37.521,718717.7225
2022-10-22 16:51:00,19157.5,19158.0,19157.5,19157.5,9.303,178226.6285
2022-10-22 16:52:00,19157.5,19158.0,19157.5,19157.5,5.332,102150.0465
2022-10-22 16:53:00,19157.5,19158.0,19157.5,19158.0,2.336,44752.4055
2022-10-22 16:54:00,19158.0,19158.0,19157.5,19158.0,5.845,111977.172
2022-10-22 16:55:00,19158.0,19158.0,19157.5,19158.0,8.191,156920.821
2022-10-22 16:56:00,19158.0,19158.0,19157.5,19158.0,5.549,106305.6335
2022-10-22 16:57:00,19158.0,19158.0,19157.5,19158.0,5.166,98968.943
2022-10-22 16:58:00,19158.0,19158.0,19157.5,19157.5,5.398,103414.379
2022-10-22 16:59:00,19157.5,19158.0,19157.5,19157.5,10.684,204683.4925
2022-10-22 17:00:00,19157.5,19158.0,19154.0,19154.5,101.702,1948252.1215
2022-10-22 17:01:00,19154.5,19154.5,19154.0,19154.0,33.762,646690.561
2022-10-22 17:02:00,19154.0,19154.5,19154.0,19154.5,2.702,51754.6895
2022-10-22 17:03:00,19154.5,19154.5,19154.0,19154.0,2.416,46276.9065
2022-10-22 17:04:00,19154.0,19154.5,19154.0,19154.0,10.77,206292.234
2022-10-22 17:05:00,19154.0,19156.0,19154.0,19155.5,7.93,151900.762
2022-10-22 17:06:00,19155.5,19158.5,19155.5,19158.0,8.259,158215.851
2022-10-22 17:07:00,19158.0,19165.0,19158.0,19164.5,102.218,1958745.631
2022-10-22 17:08:00,19164.5,19165.0,19164.5,19164.5,24.155,462927.8565
2022-10-22 17:09:00,19164.5,19166.0,19164.5,19166.0,67.168,1287284.756
2022-10-22 17:10:00,19166.0,19175.0,19165.5,19174.5,227.749,4366061.779
2022-10-22 17:11:00,19174.5,19174.5,19171.5,19171.5,75.209,1441985.457
2022-10-22 17:12:00,19171.5,19172.0,19169.5,19169.5,28.07,538138.4245
2022-10-22 17:13:00,19169.5,19170.0,19169.0,19169.5,18.104,347042.174
2022-10-22 17:14:00,19169.5,19169.5,19169.0,19169.0,45.409,870452.0815
2022-10-22 17:15:00,19169.0,19172.0,19169.0,19171.5,35.001,670967.5835
2022-10-22 17:16:00,19171.5,19172.0,19171.5,19172.0,31.805,609756.331
2022-10-22 17:17:00,19172.0,19173.0,19171.5,19172.5,40.613,778637.2415
2022-10-22 17:18:00,19172.5,19173.5,19172.0,19172.5,47.12,903433.606
2022-10-22 17:19:00,19172.5,19172.5,19172.0,19172.5,26.135,501068.3075
2022-10-22 17:20:00,19172.5,19172.5,19171.5,19172.0,31.648,606753.485
2022-10-22 17:21:00,19172.0,19172.0,19171.5,19171.5,18.745,359371.6285
2022-10-22 17:22:00,19171.5,19172.0,19171.5,19172.0,12.793,245263.1195
2022-10-22 17:23:00,19172.0,19172.0,19169.0,19169.5,37.774,724142.5365
2022-10-22 17:24:00,19169.5,19169.5,19164.5,19165.0,49.755,953693.848
2022-10-22 17:25:00,19165.0,19165.0,19164.5,19164.5,12.652,242469.809
2022-10-22 17:26:00,19164.5,19165.0,19164.5,19164.5,44.377,850467.453
2022-10-22 17:27:00,19164.5,19165.0,19164.5,19165.0,11.457,219571.159
2022-10-22 17:28:00,19165.0,19165.0,19164.5,19165.0,8.925,171045.3325
2022-10-22 17:29:00,19165.0,19165.0,19164.5,19164.5,13.395,256714.4685
2022-10-22 17:30:00,19164.5,19165.0,19164.5,19164.5,38.121,730572.86
2022-10-22 17:31:00,19164.5,19165.0,19164.5,19165.0,5.497,105349.4315
2022-10-22 17:32:00,19165.0,19165.0,19164.5,19165.0,10.046,192529.341
2022-10-22 17:33:00,19165.0,19165.0,19164.5,19164.5,5.158,98851.9735
2022-10-22 17:34:00,19164.5,19165.0,19164.5,19164.5,8.727,167249.71
2022-10-22 17:35:00,19164.5,19165.0,19164.5,19165.0,21.41,410313.512
2022-10-22 17:36:00,19165.0,19165.0,19164.5,19164.5,9.964,190955.996
2022-10-22 17:37:00,19164.5,19165.0,19163.5,19164.0,11.603,222362.1425
2022-10-22 17:38:00,19164.0,19164.0,19163.5,19164.0,8.665,166051.8905
2022-10-22 17:39:00,19164.0,19164.0,19163.5,19164.0,3.311,63450.921
2022-10-22 17:40:00,19164.0,19164.0,19163.5,19164.0,9.042,173279.045
2022-10-22 17:41:00,19164.0,19164.0,19163.5,19163.5,36.686,703049.503
2022-10-22 17:42:00,19163.5,19164.0,19163.5,19163.5,15.111,289581.8745
2022-10-22 17:43:00,19163.5,19164.0,19163.5,19163.5,12.229,234355.5405
2022-10-22 17:44:00,19163.5,19164.0,19163.5,19164.0,12.76,244529.6315
2022-10-22 17:45:00,19164.0,19164.0,19162.5,19163.0,20.924,400970.448
2022-10-22 17:46:00,19163.0,19163.0,19162.5,19163.0,16.921,324253.957
2022-10-22 17:47:00,19163.0,19163.0,19162.5,19163.0,4.241,81268.745
2022-10-22 17:48:00,19163.0,19163.0,19162.5,19163.0,7.41,141995.097
2022-10-22 17:49:00,19163.0,19163.0,19162.0,19162.5,4.54,86998.8695
2022-10-22 17:50:00,19162.5,19193.5,19161.5,19169.0,561.522,10769606.146
2022-10-22 17:51:00,19169.0,19169.0,19167.0,19167.0,47.787,915987.0295
2022-10-22 17:52:00,19167.0,19170.0,19167.0,19169.5,116.123,2225888.43
2022-10-22 17:53:00,19169.5,19170.0,19164.0,19164.0,44.911,860825.4365
2022-10-22 17:54:00,19164.0,19164.5,19153.5,19154.0,114.942,2202067.714
2022-10-22 17:55:00,19154.0,19154.0,19148.0,19151.5,212.526,4070231.638
2022-10-22 17:56:00,19151.5,19151.5,19150.5,19151.0,23.42,448514.3225
2022-10-22 17:57:00,19151.0,19151.0,19150.0,19150.0,17.86,342029.7295
2022-10-22 17:58:00,19150.0,19150.5,19149.0,19149.0,40.457,774719.6945
2022-10-22 17:59:00,19149.0,19149.5,19149.0,19149.0,19.095,365653.103
2022-10-22 18:00:00,19149.0,19149.5,19148.5,19149.0,29.779,570234.174
2022-10-22 18:01:00,19149.0,19149.0,19148.0,19148.5,17.207,329487.5655
2022-10-22 18:02:00,19148.5,19148.5,19147.5,19147.5,27.173,520301.826
2022-10-22 18:03:00,19147.5,19148.0,19147.5,19147.5,31.697,606930.9475
2022-10-22 18:04:00,19147.5,19148.0,19147.5,19148.0,24.043,460371.356
2022-10-22 18:05:00,19148.0,19148.0,19147.5,19147.5,17.29,331067.7245
2022-10-22 18:06:00,19147.5,19157.0,19147.5,19152.5,165.245,3164856.9945
2022-10-22 18:07:00,19152.5,19154.0,19152.0,19153.5,9.118,174634.1395
2022-10-22 18:08:00,19153.5,19156.0,19153.5,19155.5,17.894,342755.086
2022-10-22 18:09:00,19155.5,19156.0,19155.5,19156.0,4.862,93135.5085
2022-10-22 18:10:00,19156.0,19156.0,19155.5,19156.0,24.922,477404.5075
2022-10-22 18:11:00,19156.0,19156.0,19155.5,19155.5,8.607,164874.2015
2022-10-22 18:12:00,19155.5,19156.0,19155.5,19155.5,8.708,166808.2785
2022-10-22 18:13:00,19155.5,19156.0,19155.5,19156.0,27.514,527055.9225
2022-10-22 18:14:00,19156.0,19156.0,19155.5,19155.5,2.377,45532.8585
2022-10-22 18:15:00,19155.5,19156.0,19155.5,19155.5,14.493,277627.1775
2022-10-22 18:16:00,19155.5,19156.5,19155.5,19156.0,8.119,155526.298
2022-10-22 18:17:00,19156.0,19158.5,19156.0,19158.5,13.129,251516.9215
2022-10-22 18:18:00,19158.5,19160.0,19158.0,19160.0,23.614,452436.8785
2022-10-22 18:19:00,19160.0,19160.0,19149.5,19150.0,123.415,2363929.1015
2022-10-22 18:20:00,19150.0,19180.0,19150.0,19176.5,256.852,4923856.5745
2022-10-22 18:21:00,19176.5,19189.5,19176.0,19189.0,257.62,4942542.2175
2022-10-22 18:22:00,19189.0,19189.5,19184.5,19184.5,116.091,2227645.8455
2022-10-22 18:23:00,19184.5,19184.5,19184.0,19184.0,119.71,2296522.2115
2022-10-22 18:24:00,19184.0,19184.5,19180.5,19181.0,122.651,2352849.029
2022-10-22 18:25:00,19181.0,19181.0,19174.5,19174.5,102.935,1974041.7215
2022-10-22 18:26:00,19174.5,19175.0,19171.0,19171.5,15.438,295988.6595
2022-10-22 18:27:00,19171.5,19171.5,19171.0,19171.5,45.585,873923.228
2022-10-22 18:28:00,19171.5,19171.5,19171.0,19171.5,20.418,391443.285
2022-10-22 18:29:00,19171.5,19171.5,19171.0,19171.5,16.562,317516.1235
2022-10-22 18:30:00,19171.5,19171.5,19171.0,19171.5,43.63,836450.0055
2022-10-22 18:31:00,19171.5,19172.0,19171.0,19171.5,50.559,969299.2755
2022-10-22 18:32:00,19171.5,19172.0,19171.5,19171.5,9.863,189091.9905
2022-10-22 18:33:00,19171.5,19179.5,19171.5,19179.5,211.531,4056407.5775
2022-10-22 18:34:00,19179.5,19180.0,19179.0,19180.0,82.887,1589726.6045
2022-10-22 18:35:00,19180.0,19180.0,19179.5,19180.0,42.503,815206.6945
2022-10-22 18:36:00,19180.0,19185.0,19179.5,19184.5,150.725,2890944.2845
2022-10-22 18:37:00,19184.5,19187.0,19184.5,19187.0,40.37,774562.5545
2022-10-22 18:38:00,19187.0,19187.0,19186.5,19187.0,20.508,393478.886
2022-10-22 18:39:00,19187.0,19187.0,19185.5,19185.5,55.752,1069672.671
2022-10-22 18:40:00,19185.5,19186.0,19181.0,19181.0,104.185,1998629.097
2022-10-22 18:41:00,19181.0,19213.5,19181.0,19207.0,489.043,9389983.3495
2022-10-22 18:42:00,19207.0,19209.0,19203.5,19204.5,115.508,2218347.3155
2022-10-22 18:43:00,19204.5,19205.0,19200.0,19200.5,75.587,1451398.388
2022-10-22 18:44:00,19200.5,19200.5,19200.0,19200.0,52.153,1001342.8735
2022-10-22 18:45:00,19200.0,19200.5,19200.0,19200.5,39.234,753302.4935
2022-10-22 18:46:00,19200.5,19239.5,19200.0,19215.5,812.294,15616007.929
2022-10-22 18:47:00,19215.5,19223.5,19215.0,19223.5,187.801,3609046.937
2022-10-22 18:48:00,19223.5,19223.5,19212.5,19213.0,108.74,2089661.3645
2022-10-22 18:49:00,19213.0,19215.0,19205.5,19206.0,207.483,3985578.988
2022-10-22 18:50:00,19206.0,19213.0,19205.5,19212.5,152.271,2925026.3105
2022-10-22 18:51:00,19212.5,19215.5,19212.5,19215.5,58.466,1123393.273
2022-10-22 18:52:00,19215.5,19215.5,19210.5,19210.5,70.547,1355421.2785
2022-10-22 18:53:00,19210.5,19213.5,19210.0,19213.0,62.723,1205016.3155
2022-10-22 18:54:00,19213.0,19213.5,19208.0,19208.0,63.014,1210590.1015
2022-10-22 18:55:00,19208.0,19212.0,19208.0,19212.0,88.082,1692081.4705
2022-10-22 18:56:00,19212.0,19212.0,19211.5,19211.5,16.354,314189.196
2022-10-22 18:57:00,19211.5,19215.0,19211.5,19214.5,47.414,910942.405
2022-10-22 18:58:00,19214.5,19215.0,19214.5,19215.0,16.881,324364.988
2022-10-22 18:59:00,19215.0,19215.0,19214.5,19215.0,14.89,286105.814
2022-10-22 19:00:00,19215.0,19215.0,19214.5,19215.0,65.846,1265216.5195
2022-10-22 19:01:00,19215.0,19215.0,19211.5,19214.5,68.592,1317857.758
2022-10-22 19:02:00,19214.5,19215.0,19213.5,19214.0,41.485,797105.661
2022-10-22 19:03:00,19214.0,19214.0,19203.0,19203.0,74.528,1431532.3845
2022-10-22 19:04:00,19203.0,19203.5,19196.5,19197.0,104.776,2011643.248
2022-10-22 19:05:00,19197.0,19197.0,19196.5,19197.0,104.761,2011069.6675
2022-10-22 19:06:00,19197.0,19197.0,19196.5,19197.0,30.113,578071.053
2022-10-22 19:07:00,19197.0,19197.0,19196.5,19197.0,42.504,815931.4845
2022-10-22 19:08:00,19197.0,19197.0,19193.5,19194.0,36.522,701045.753
2022-10-22 19:09:00,19194.0,19194.0,19186.0,19192.5,136.06,2610932.765
2022-10-22 19:10:00,19192.5,19193.0,19192.0,19192.0,47.031,902638.4365
2022-10-22 19:11:00,19192.0,19192.5,19191.0,19191.0,33.098,635223.678
2022-10-22 19:12:00,19191.0,19191.5,19186.5,19186.5,46.6,894208.64
2022-10-22 19:13:00,19186.5,19187.0,19184.0,19186.0,101.079,1939297.3215
2022-10-22 19:14:00,19186.0,19192.5,19186.0,19192.0,133.711,2565553.094
2022-10-22 19:15:00,19192.0,19200.0,19192.0,19200.0,134.801,2587807.276
2022-10-22 19:16:00,19200.0,19200.0,19193.0,19198.0,61.908,1188426.186
2022-10-22 19:17:00,19198.0,19198.5,19197.0,19197.5,14.399,276430.69
2022-10-22 19:18:00,19197.5,19197.5,19190.0,19190.5,32.418,622269.505
2022-10-22 19:19:00,19190.5,19190.5,19185.5,19185.5,28.111,539336.5505
2022-10-22 19:20:00,19185.5,19188.5,19185.5,19188.5,47.434,910089.733
2022-10-22 19:21:00,19188.5,19188.5,19188.0,19188.5,19.151,367473.633
2022-10-22 19:22:00,19188.5,19188.5,19182.5,19183.0,64.839,1244083.4915
2022-10-22 19:23:00,19183.0,19183.5,19183.0,19183.5,20.946,401808.763
2022-10-22 19:24:00,19183.5,19183.5,19183.0,19183.0,21.007,402981.4725
2022-10-22 19:25:00,19183.0,19185.0,19183.0,19185.0,19.437,372886.3235
2022-10-22 19:26:00,19185.0,19185.0,19184.5,19185.0,14.166,271769.131
2022-10-22 19:27:00,19185.0,19185.0,19184.5,19185.0,7.002,134331.328
2022-10-22 19:28:00,19185.0,19185.0,19184.5,19184.5,5.579,107031.7975
2022-10-22 19:29:00,19184.5,19185.0,19184.5,19184.5,6.866,131722.2205
2022-10-22 19:30:00,19184.5,19191.5,19184.5,19191.0,48.122,923355.634
2022-10-22 19:31:00,19191.0,19196.5,19191.0,19196.5,26.179,502465.688
2022-10-22 19:32:00,19196.5,19199.0,19196.0,19199.0,9.469,181774.5455
2022-10-22 19:33:00,19199.0,19200.0,19198.5,19200.0,26.045,500043.0835
2022-10-22 19:34:00,19200.0,19206.0,19199.5,19205.5,143.862,2762401.4615
2022-10-22 19:35:00,19205.5,19214.5,19205.5,19211.5,97.204,1867206.1375
2022-10-22 19:36:00,19211.5,19220.5,19211.0,19219.5,192.131,3692282.4195
2022-10-22 19:37:00,19219.5,19220.0,19219.5,19219.5,44.695,859031.28
2022-10-22 19:38:00,19219.5,19220.0,19214.0,19214.0,75.845,1457458.366
2022-10-22 19:39:00,19214.0,19214.5,19214.0,19214.5,40.598,780060.4175
2022-10-22 19:40:00,19214.5,19214.5,19212.5,19213.0,34.78,668226.778
2022-10-22 19:41:00,19213.0,19213.0,19206.5,19206.5,42.005,806889.8795
2022-10-22 19:42:00,19206.5,19207.0,19206.5,19207.0,34.445,661572.3315
2022-10-22 19:43:00,19207.0,19207.0,19206.5,19207.0,26.054,500412.382
2022-10-22 19:44:00,19207.0,19207.0,19206.5,19206.5,38.067,731147.3915
2022-10-22 19:45:00,19206.5,19209.0,19206.5,19208.5,17.519,336499.1895
2022-10-22 19:46:00,19208.5,19212.0,19208.5,19212.0,37.828,726692.6855
2022-10-22 19:47:00,19212.0,19212.0,19211.5,19212.0,12.305,236401.3885
2022-10-22 19:48:00,19212.0,19218.0,19211.5,19217.5,68.101,1308552.35
2022-10-22 19:49:00,19217.5,19218.0,19217.5,19218.0,43.994,845467.0675
2022-10-22 19:50:00,19218.0,19219.5,19217.5,19219.5,60.613,1164919.359
2022-10-22 19:51:00,19219.5,19219.5,19215.5,19216.0,57.6,1106948.7365
2022-10-22 19:52:00,19216.0,19216.0,19212.5,19213.0,41.148,790588.6065
2022-10-22 19:53:00,19213.0,19213.0,19206.5,19206.5,34.784,668234.412
2022-10-22 19:54:00,19206.5,19207.0,19206.5,19206.5,12.334,236893.7905
2022-10-22 19:55:00,19206.5,19214.5,19206.5,19206.5,124.254,2386795.5355
2022-10-22 19:56:00,19206.5,19207.0,19206.5,19206.5,7.357,141304.8445
2022-10-22 19:57:00,19206.5,19207.0,19206.5,19206.5,9.903,190204.78
2022-10-22 19:58:00,19206.5,19207.0,19206.5,19207.0,8.945,171805.577
2022-10-22 19:59:00,19207.0,19207.0,19206.5,19206.5,9.591,184210.9505
2022-10-22 20:00:00,19206.5,19207.0,19206.5,19207.0,29.66,569673.5885
2022-10-22 20:01:00,19207.0,19214.0,19206.5,19213.5,27.418,526730.31
2022-10-22 20:02:00,19213.5,19217.5,19213.5,19217.0,30.35,583221.8645
2022-10-22 20:03:00,19217.0,19218.5,19217.0,19218.0,26.51,509461.1245
2022-10-22 20:04:00,19218.0,19224.0,19218.0,19224.0,157.393,3025436.918
2022-10-22 20:05:00,19224.0,19224.0,19223.5,19223.5,80.122,1540230.6865
2022-10-22 20:06:00,19223.5,19224.0,19223.5,19224.0,24.509,471154.632
2022-10-22 20:07:00,19224.0,19224.0,19219.0,19219.0,33.129,636727.074
2022-10-22 20:08:00,19219.0,19219.5,19219.0,19219.0,6.653,127866.3545
2022-10-22 20:09:00,19219.0,19219.5,19219.0,19219.5,36.154,694859.868
2022-10-22 20:10:00,19219.5,19219.5,19219.0,19219.0,9.306,178854.014
2022-10-22 20:11:00,19219.0,19219.5,19219.0,19219.0,18.379,353227.6375
2022-10-22 20:12:00,19219.0,19219.5,19219.0,19219.0,37.271,716314.118
2022-10-22 20:13:00,19219.0,19219.5,19219.0,19219.0,12.09,232359.0235
2022-10-22 20:14:00,19219.0,19219.5,19219.0,19219.5,23.259,447018.3415
2022-10-22 20:15:00,19219.5,19219.5,19219.0,19219.0,32.029,615578.4055
2022-10-22 20:16:00,19219.0,19219.5,19219.0,19219.0,9.916,190577.8605
2022-10-22 20:17:00,19219.0,19219.5,19216.5,19217.0,38.117,732557.609
2022-10-22 20:18:00,19217.0,19217.0,19216.0,19216.5,20.852,400693.9285
2022-10-22 20:19:00,19216.5,19216.5,19216.0,19216.5,10.324,198386.253
2022-10-22 20:20:00,19216.5,19216.5,19216.0,19216.5,6.904,132667.8525
2022-10-22 20:21:00,19216.5,19216.5,19216.0,19216.5,17.686,339856.0795
2022-10-22 20:22:00,19216.5,19216.5,19213.5,19213.5,34.91,670800.5135
2022-10-22 20:23:00,19213.5,19214.0,19211.0,19211.0,54.036,1038166.8075
2022-10-22 20:24:00,19211.0,19211.5,19210.0,19210.5,56.943,1093935.9415
2022-10-22 20:25:00,19210.5,19210.5,19210.0,19210.0,41.405,795393.3915
2022-10-22 20:26:00,19210.0,19213.5,19210.0,19213.0,61.423,1180052.661
2022-10-22 20:27:00,19213.0,19213.5,19213.0,19213.0,11.164,214497.4415
2022-10-22 20:28:00,19213.0,19217.5,19213.0,19217.0,31.948,613873.48
2022-10-22 20:29:00,19217.0,19219.0,19217.0,19218.5,45.274,870070.2475
2022-10-22 20:30:00,19218.5,19233.5,19218.5,19233.0,123.336,2371534.074
2022-10-22 20:31:00,19233.0,19233.5,19233.0,19233.5,74.357,1430116.38
2022-10-22 20:32:00,19233.5,19233.5,19231.5,19232.0,121.749,2341522.9265
2022-10-22 20:33:00,19232.0,19237.5,19231.5,19237.5,156.188,3004286.951
2022-10-22 20:34:00,19237.5,19237.5,19234.0,19234.0,90.926,1749054.9755
2022-10-22 20:35:00,19234.0,19234.5,19228.5,19228.5,99.429,1912166.0895
2022-10-22 20:36:00,19228.5,19229.0,19224.5,19225.0,76.878,1478058.1385
2022-10-22 20:37:00,19225.0,19225.0,19223.0,19223.5,76.886,1478056.237
2022-10-22 20:38:00,19223.5,19223.5,19215.0,19219.5,70.598,1356829.0075
2022-10-22 20:39:00,19219.5,19220.5,19216.0,19216.5,45.778,879851.428
2022-10-22 20:40:00,19216.5,19216.5,19216.0,19216.5,29.471,566317.8765
2022-10-22 20:41:00,19216.5,19216.5,19216.0,19216.0,85.348,1640065.4305
2022-10-22 20:42:00,19216.0,19216.5,19216.0,19216.0,17.966,345239.971
2022-10-22 20:43:00,19216.0,19216.5,19215.0,19215.5,31.721,609553.751
2022-10-22 20:44:00,19215.5,19215.5,19213.5,19214.0,26.203,503460.1435
2022-10-22 20:45:00,19214.0,19214.0,19213.5,19213.5,32.435,623194.4
2022-10-22 20:46:00,19213.5,19215.0,19213.5,19214.5,30.554,587078.583
2022-10-22 20:47:00,19214.5,19215.0,19214.5,19215.0,24.822,476944.1
2022-10-22 20:48:00,19215.0,19215.0,19214.5,19214.5,19.709,378701.5165
2022-10-22 20:49:00,19214.5,19215.0,19214.5,19215.0,12.932,248483.5235
2022-10-22 20:50:00,19215.0,19215.0,19214.5,19215.0,45.72,878504.351
2022-10-22 20:51:00,19215.0,19216.0,19214.5,19215.5,28.41,545909.096
2022-10-22 20:52:00,19215.5,19216.0,19215.5,19215.5,32.764,629587.7025
2022-10-22 20:53:00,19215.5,19216.0,19215.5,19216.0,20.678,397341.2635
2022-10-22 20:54:00,19216.0,19216.0,19215.5,19216.0,8.949,171960.3825
2022-10-22 20:55:00,19216.0,19219.5,19215.5,19219.5,43.955,844703.6105
2022-10-22 20:56:00,19219.5,19219.5,19218.5,19219.0,30.264,581652.7105
2022-10-22 20:57:00,19219.0,19219.0,19217.5,19217.5,18.71,359571.6615
2022-10-22 20:58:00,19217.5,19218.0,19217.5,19218.0,28.068,539398.653
2022-10-22 20:59:00,19218.0,19218.0,19213.5,19213.5,64.913,1247331.186
2022-10-22 21:00:00,19213.5,19218.0,19213.5,19218.0,39.532,759655.492
2022-10-22 21:01:00,19218.0,19218.0,19216.0,19216.5,10.799,207527.748
2022-10-22 21:02:00,19216.5,19216.5,19213.5,19214.0,29.076,558687.661
2022-10-22 21:03:00,19214.0,19214.0,19212.0,19212.5,41.787,802825.2955
2022-10-22 21:04:00,19212.5,19212.5,19207.5,19208.0,64.915,1246985.5395
2022-10-22 21:05:00,19208.0,19214.5,19207.5,19214.0,50.615,972412.1655
2022-10-22 21:06:00,19214.0,19214.5,19211.5,19212.0,13.733,263862.463
2022-10-22 21:07:00,19212.0,19212.0,19207.5,19207.5,55.908,1073967.878
2022-10-22 21:08:00,19207.5,19208.0,19201.5,19202.0,63.184,1213396.0225
2022-10-22 21:09:00,19202.0,19202.0,19196.0,19197.0,89.849,1725002.2565
2022-10-22 21:10:00,19197.0,19207.0,19196.5,19207.0,44.212,849002.987
2022-10-22 21:11:00,19207.0,19207.0,19206.5,19206.5,26.041,500157.504
2022-10-22 21:12:00,19206.5,19207.0,19204.5,19205.0,19.734,379010.2095
2022-10-22 21:13:00,19205.0,19205.0,19203.5,19204.0,20.467,393050.6785
2022-10-22 21:14:00,19204.0,19204.0,19202.5,19203.0,19.199,368687.8635
2022-10-22 21:15:00,19203.0,19205.5,19202.5,19205.0,33.437,642145.82
2022-10-22 21:16:00,19205.0,19205.5,19205.0,19205.5,9.649,185312.9995
2022-10-22 21:17:00,19205.5,19205.5,19205.0,19205.5,6.239,119822.177
2022-10-22 21:18:00,19205.5,19205.5,19205.0,19205.0,8.866,170274.0155
2022-10-22 21:19:00,19205.0,19205.5,19205.0,19205.0,4.762,91455.512
2022-10-22 21:20:00,19205.0,19205.5,19205.0,19205.0,7.317,140525.0905
2022-10-22 21:21:00,19205.0,19205.5,19205.0,19205.0,8.576,164705.179
2022-10-22 21:22:00,19205.0,19205.5,19205.0,19205.0,16.246,312007.6115
2022-10-22 21:23:00,19205.0,19205.5,19205.0,19205.0,16.15,310163.846
2022-10-22 21:24:00,19205.0,19208.0,19205.0,19207.5,77.887,1495878.496
2022-10-22 21:25:00,19207.5,19208.0,19207.5,19207.5,12.727,244458.7945
2022-10-22 21:26:00,19207.5,19208.0,19207.5,19207.5,5.783,111078.8495
2022-10-22 21:27:00,19207.5,19208.0,19207.5,19207.5,10.743,206349.8465
2022-10-22 21:28:00,19207.5,19225.0,19207.5,19224.5,138.29,2657460.648
2022-10-22 21:29:00,19224.5,19225.0,19224.5,19225.0,29.509,567302.6405
2022-10-22 21:30:00,19225.0,19225.0,19224.5,19225.0,26.175,503209.607
2022-10-22 21:31:00,19225.0,19232.5,19224.5,19232.5,113.512,2182506.6155
2022-10-22 21:32:00,19232.5,19232.5,19229.5,19229.5,24.125,463934.615
2022-10-22 21:33:00,19229.5,19230.0,19226.5,19226.5,32.472,624363.291
2022-10-22 21:34:00,19226.5,19227.0,19220.5,19221.0,58.381,1122338.6805
2022-10-22 21:35:00,19221.0,19227.0,19220.0,19227.0,37.177,714616.927
2022-10-22 21:36:00,19227.0,19227.0,19223.5,19223.5,22.3,428707.83
2022-10-22 21:37:00,19223.5,19224.0,19217.0,19217.5,41.696,801458.8985
2022-10-22 21:38:00,19217.5,19217.5,19214.5,19214.5,27.911,536315.871
2022-10-22 21:39:00,19214.5,19215.0,19212.0,19212.0,16.971,326090.9555
2022-10-22 21:40:00,19212.0,19215.0,19212.0,19215.0,23.213,446018.697
2022-10-22 21:41:00,19215.0,19215.0,19214.5,19215.0,19.56,375838.089
2022-10-22 21:42:00,19215.0,19215.0,19211.0,19211.5,22.931,440538.41
2022-10-22 21:43:00,19211.5,19211.5,19209.0,19209.0,12.337,236992.853
2022-10-22 21:44:00,19209.0,19209.0,19203.0,19203.5,38.54,740175.6975
2022-10-22 21:45:00,19203.5,19205.5,19203.0,19205.5,28.348,544419.8685
2022-10-22 21:46:00,19205.5,19205.5,19205.0,19205.5,13.635,261862.107
2022-10-22 21:47:00,19205.5,19206.0,19205.0,19205.5,20.823,399918.074
2022-10-22 21:48:00,19205.5,19206.0,19205.0,19205.0,24.631,473047.5935
2022-10-22 21:49:00,19205.0,19205.5,19201.5,19201.5,68.775,1320744.3725
2022-10-22 21:50:00,19201.5,19202.0,19201.5,19202.0,19.595,376256.8485
2022-10-22 21:51:00,19202.0,19202.0,19201.0,19201.5,24.472,469895.8425
2022-10-22 21:52:00,19201.5,19201.5,19195.5,19195.5,65.293,1253571.736
2022-10-22 21:53:00,19195.5,19196.0,19195.5,19196.0,49.752,955030.497
2022-10-22 21:54:00,19196.0,19196.0,19182.5,19182.5,306.896,5888388.319
2022-10-22 21:55:00,19182.5,19193.5,19182.5,19193.5,61.876,1187387.533
2022-10-22 21:56:00,19193.5,19193.5,19190.0,19190.5,59.804,1147715.208
2022-10-22 21:57:00,19190.5,19190.5,19188.0,19188.0,14.945,286789.62
2022-10-22 21:58:00,19188.0,19188.5,19186.5,19186.5,109.994,2110533.466
2022-10-22 21:59:00,19186.5,19187.0,19175.0,19179.5,328.217,6295269.357
2022-10-22 22:00:00,19179.5,19184.5,19179.5,19184.5,79.3,1521176.239
2022-10-22 22:01:00,19184.5,19184.5,19184.0,19184.5,24.242,465068.7375
2022-10-22 22:02:00,19184.5,19184.5,19184.0,19184.0,12.849,246500.9445
2022-10-22 22:03:00,19184.0,19184.5,19184.0,19184.0,22.684,435171.775
2022-10-22 22:04:00,19184.0,19184.5,19182.5,19183.0,39.792,763323.3055
2022-10-22 22:05:00,19183.0,19183.0,19182.5,19183.0,19.942,382543.0585
2022-10-22 22:06:00,19183.0,19183.0,19182.5,19182.5,16.76,321501.989
2022-10-22 22:07:00,19182.5,19183.0,19175.0,19175.0,41.931,804190.835
2022-10-22 22:08:00,19175.0,19175.0,19171.0,19171.0,76.267,1462199.938
2022-10-22 22:09:00,19171.0,19171.5,19165.0,19165.5,163.143,3126878.9145
2022-10-22 22:10:00,19165.5,19175.0,19165.0,19174.5,139.729,2678914.077
2022-10-22 22:11:00,19174.5,19174.5,19172.0,19172.5,24.243,464825.216
2022-10-22 22:12:00,19172.5,19172.5,19171.0,19171.5,58.734,1126020.197
2022-10-22 22:13:00,19171.5,19172.0,19171.5,19171.5,26.443,506960.3845
2022-10-22 22:14:00,19171.5,19172.0,19170.0,19170.0,32.424,621610.1985
2022-10-22 22:15:00,19170.0,19170.5,19170.0,19170.5,27.809,533106.672
2022-10-22 22:16:00,19170.5,19170.5,19170.0,19170.5,11.973,229525.685
2022-10-22 22:17:00,19170.5,19170.5,19170.0,19170.5,12.364,237022.6105
2022-10-22 22:18:00,19170.5,19173.5,19170.0,19173.5,32.206,617434.2385
2022-10-22 22:19:00,19173.5,19178.0,19173.0,19177.5,41.258,791160.306
2022-10-22 22:20:00,19177.5,19181.5,19177.5,19181.0,34.538,662459.527
2022-10-22 22:21:00,19181.0,19181.5,19181.0,19181.5,6.371,122204.4465
2022-10-22 22:22:00,19181.5,19181.5,19181.0,19181.0,10.058,192925.697
2022-10-22 22:23:00,19181.0,19181.5,19179.0,19179.0,49.429,948065.389
2022-10-22 22:24:00,19179.0,19180.0,19179.0,19179.5,11.862,227505.313
2022-10-22 22:25:00,19179.5,19181.5,19179.5,19181.5,23.658,453783.919
2022-10-22 22:26:00,19181.5,19181.5,19181.0,19181.5,7.817,149940.2345
2022-10-22 22:27:00,19181.5,19181.5,19181.0,19181.0,12.187,233761.285
2022-10-22 22:28:00,19181.0,19181.5,19181.0,19181.5,14.798,283846.8675
2022-10-22 22:29:00,19181.5,19183.0,19181.0,19182.5,11.854,227378.7085
2022-10-22 22:30:00,19182.5,19188.5,19182.5,19188.5,53.121,1019219.5865
2022-10-22 22:31:00,19188.5,19188.5,19187.5,19187.5,19.789,379711.4975
2022-10-22 22:32:00,19187.5,19188.0,19187.5,19187.5,8.96,171922.742
2022-10-22 22:33:00,19187.5,19188.0,19181.0,19181.0,62.676,1202319.033
2022-10-22 22:34:00,19181.0,19181.5,19181.0,19181.0,16.457,315666.369
2022-10-22 22:35:00,19181.0,19181.5,19181.0,19181.5,6.851,131411.5255
2022-10-22 22:36:00,19181.5,19181.5,19176.0,19176.5,59.778,1146432.6635
2022-10-22 22:37:00,19176.5,19177.5,19176.0,19177.5,56.244,1078564.087
2022-10-22 22:38:00,19177.5,19188.0,19177.5,19188.0,75.725,1452746.741
2022-10-22 22:39:00,19188.0,19188.0,19187.5,19188.0,111.7,2143247.3995
2022-10-22 22:40:00,19188.0,19188.0,19187.5,19188.0,56.595,1085920.7075
2022-10-22 22:41:00,19188.0,19188.0,19187.0,19187.0,11.196,214823.1175
2022-10-22 22:42:00,19187.0,19187.5,19187.0,19187.0,28.484,546534.2315
2022-10-22 22:43:00,19187.0,19187.5,19187.0,19187.5,10.614,203652.106
2022-10-22 22:44:00,19187.5,19187.5,19185.0,19185.5,2.59,49691.351
2022-10-22 22:45:00,19185.5,19185.5,19183.0,19183.5,44.351,850849.6445
2022-10-22 22:46:00,19183.5,19193.0,19183.0,19192.5,109.205,2095312.9465
2022-10-22 22:47:00,19192.5,19193.0,19192.5,19193.0,10.936,209893.825
2022-10-22 22:48:00,19193.0,19193.0,19192.5,19193.0,31.344,601583.259
2022-10-22 22:49:00,19193.0,19193.0,19192.5,19193.0,14.042,269506.689
2022-10-22 22:50:00,19193.0,19193.0,19192.5,19193.0,13.011,249718.8405
2022-10-22 22:51:00,19193.0,19193.0,19188.5,19188.5,21.198,406823.8465
2022-10-22 22:52:00,19188.5,19188.5,19183.5,19184.0,18.18,348808.8565
2022-10-22 22:53:00,19184.0,19184.0,19181.5,19181.5,43.352,831578.632
2022-10-22 22:54:00,19181.5,19182.0,19177.0,19177.0,27.522,527850.1645
2022-10-22 22:55:00,19177.0,19177.5,19177.0,19177.0,10.3,197524.099
2022-10-22 22:56:00,19177.0,19177.5,19177.0,19177.0,8.102,155373.7495
2022-10-22 22:57:00,19177.0,19177.5,19177.0,19177.0,9.252,177428.4075
2022-10-22 22:58:00,19177.0,19177.5,19177.0,19177.0,4.421,84782.906
2022-10-22 22:59:00,19177.0,19177.5,19177.0,19177.5,8.404,161164.9375
2022-10-22 23:00:00,19177.5,19177.5,19177.0,19177.5,3.93,75366.3895
2022-10-22 23:01:00,19177.5,19177.5,19177.0,19177.0,6.611,126781.5605
2022-10-22 23:02:00,19177.0,19177.5,19177.0,19177.5,5.768,110614.205
2022-10-22 23:03:00,19177.5,19177.5,19175.0,19175.0,28.67,549766.4815
2022-10-22 23:04:00,19175.0,19175.5,19165.0,19169.5,136.63,2619620.3495
2022-10-22 23:05:00,19169.5,19169.5,19163.5,19163.5,63.08,1208923.862
2022-10-22 23:06:00,19163.5,19166.5,19163.5,19166.0,62.433,1196498.874
2022-10-22 23:07:00,19166.0,19166.5,19166.0,19166.5,19.594,375546.169
2022-10-22 23:08:00,19166.5,19166.5,19166.0,19166.0,10.805,207091.671
2022-10-22 23:09:00,19166.0,19166.5,19166.0,19166.0,10.731,205674.27
2022-10-22 23:10:00,19166.0,19166.5,19166.0,19166.0,19.708,377728.528
2022-10-22 23:11:00,19166.0,19166.5,19166.0,19166.0,7.817,149822.481
2022-10-22 23:12:00,19166.0,19166.5,19166.0,19166.5,5.904,113156.942
2022-10-22 23:13:00,19166.5,19166.5,19155.0,19155.0,243.976,4674700.364
2022-10-22 23:14:00,19155.0,19158.0,19155.0,19158.0,51.77,991689.983
2022-10-22 23:15:00,19158.0,19158.0,19157.5,19157.5,20.184,386680.047
2022-10-22 23:16:00,19157.5,19158.0,19157.5,19158.0,32.96,631438.176
2022-10-22 23:17:00,19158.0,19158.0,19156.5,19157.0,14.609,279868.2105
2022-10-22 23:18:00,19157.0,19157.0,19156.5,19157.0,10.111,193694.0045
2022-10-22 23:19:00,19157.0,19157.0,19156.5,19156.5,10.616,203368.502
2022-10-22 23:20:00,19156.5,19157.0,19156.5,19156.5,13.647,261434.5185
2022-10-22 23:21:00,19156.5,19157.0,19156.5,19157.0,9.111,174537.369
2022-10-22 23:22:00,19157.0,19157.0,19156.5,19156.5,3.963,75917.8735
2022-10-22 23:23:00,19156.5,19157.0,19156.5,19157.0,18.343,351389.9555
2022-10-22 23:24:00,19157.0,19157.0,19156.5,19156.5,4.06,77776.875
2022-10-22 23:25:00,19156.5,19159.0,19156.5,19159.0,18.075,346265.198
2022-10-22 23:26:00,19159.0,19159.0,19158.5,19159.0,6.571,125892.689
2022-10-22 23:27:00,19159.0,19159.0,19158.5,19158.5,8.048,154190.0775
2022-10-22 23:28:00,19158.5,19159.0,19141.5,19142.0,527.117,10093567.799
2022-10-22 23:29:00,19142.0,19143.0,19141.0,19142.5,65.232,1248643.4835
2022-10-22 23:30:00,19142.5,19147.0,19141.5,19141.5,90.454,1731825.601
2022-10-22 23:31:00,19141.5,19142.0,19141.5,19142.0,20.132,385360.9735
2022-10-22 23:32:00,19142.0,19142.0,19141.5,19142.0,30.328,580534.8365
2022-10-22 23:33:00,19142.0,19142.0,19136.5,19137.0,103.791,1986463.783
2022-10-22 23:34:00,19137.0,19137.0,19135.0,19135.0,35.036,670429.5365
2022-10-22 23:35:00,19135.0,19136.5,19135.0,19136.5,83.912,1605745.366
2022-10-22 23:36:00,19136.5,19136.5,19136.0,19136.5,90.592,1733594.538
2022-10-22 23:37:00,19136.5,19136.5,19136.0,19136.5,89.299,1708854.609
2022-10-22 23:38:00,19136.5,19136.5,19136.0,19136.0,12.358,236485.3525
2022-10-22 23:39:00,19136.0,19136.5,19134.5,19135.0,74.134,1418540.7085
2022-10-22 23:40:00,19135.0,19135.0,19134.5,19135.0,21.774,416639.8775
2022-10-22 23:41:00,19135.0,19135.0,19134.0,19134.5,40.038,766119.8575
2022-10-22 23:42:00,19134.5,19134.5,19127.5,19130.0,155.043,2966068.1115
2022-10-22 23:43:00,19130.0,19132.5,19130.0,19132.5,104.587,2000917.537
2022-10-22 23:44:00,19132.5,19132.5,19132.0,19132.0,52.74,1009042.421
2022-10-22 23:45:00,19132.0,19133.5,19132.0,19133.5,25.268,483439.538
2022-10-22 23:46:00,19133.5,19136.5,19133.0,19136.0,66.255,1267751.1215
2022-10-22 23:47:00,19136.0,19146.5,19136.0,19146.5,241.332,4619760.35
2022-10-22 23:48:00,19146.5,19150.0,19146.0,19150.0,56.026,1072837.582
2022-10-22 23:49:00,19150.0,19150.0,19149.0,19149.5,27.829,532911.7855
2022-10-22 23:50:00,19149.5,19149.5,19148.0,19148.0,35.217,674348.814
2022-10-22 23:51:00,19148.0,19148.5,19144.5,19145.0,25.965,497110.928
2022-10-22 23:52:00,19145.0,19145.0,19142.5,19143.0,24.846,475642.7
2022-10-22 23:53:00,19143.0,19143.0,19142.5,19142.5,11.195,214304.9315
2022-10-22 23:54:00,19142.5,19143.5,19142.5,19143.0,8.885,170087.7
2022-10-22 23:55:00,19143.0,19147.5,19143.0,19147.0,56.041,1072899.068
2022-10-22 23:56:00,19147.0,19148.5,19147.0,19148.0,16.688,319537.991
2022-10-22 23:57:00,19148.0,19148.5,19148.0,19148.5,32.769,627475.7525
2022-10-22 23:58:00,19148.5,19150.0,19148.0,19149.5,16.561,317129.5415
2022-10-22 23:59:00,19149.5,19150.0,19149.5,19149.5,7.332,140407.1055
2022-10-23 00:00:00,19149.5,19154.0,19149.5,19153.5,52.851,1012194.8385
2022-10-23 00:01:00,19153.5,19154.5,19153.5,19154.0,17.38,332897.7475
2022-10-23 00:02:00,19154.0,19154.5,19154.0,19154.5,22.973,440030.6205
2022-10-23 00:03:00,19154.5,19154.5,19154.0,19154.0,7.93,151893.11
2022-10-23 00:04:00,19154.0,19154.5,19154.0,19154.0,24.1,461615.221
2022-10-23 00:05:00,19154.0,19154.5,19154.0,19154.0,10.613,203282.316
2022-10-23 00:06:00,19154.0,19154.5,19154.0,19154.5,8.126,155647.5025
2022-10-23 00:07:00,19154.5,19154.5,19154.0,19154.5,5.109,97859.721
2022-10-23 00:08:00,19154.5,19154.5,19154.0,19154.0,9.554,182997.7135
2022-10-23 00:09:00,19154.0,19154.5,19154.0,19154.0,5.153,98701.4945
2022-10-23 00:10:00,19154.0,19160.0,19154.0,19159.5,65.746,1259466.942
2022-10-23 00:11:00,19159.5,19160.0,19159.5,19159.5,9.633,184566.9745
2022-10-23 00:12:00,19159.5,19160.0,19159.5,19159.5,6.205,118885.6745
2022-10-23 00:13:00,19159.5,19160.0,19159.5,19159.5,4.021,77041.888
2022-10-23 00:14:00,19159.5,19160.0,19159.5,19159.5,11.199,214570.0305
2022-10-23 00:15:00,19159.5,19160.0,19159.5,19160.0,3.536,67748.7445
2022-10-23 00:16:00,19160.0,19160.0,19159.5,19159.5,15.15,290271.4775
2022-10-23 00:17:00,19159.5,19160.0,19159.5,19159.5,7.953,152378.331
2022-10-23 00:18:00,19159.5,19161.5,19159.5,19161.5,18.568,355784.144
2022-10-23 00:19:00,19161.5,19161.5,19161.0,19161.0,7.837,150167.447
2022-10-23 00:20:00,19161.0,19162.0,19161.0,19161.5,12.342,236488.995
2022-10-23 00:21:00,19161.5,19162.0,19161.5,19161.5,10.073,193016.709
2022-10-23 00:22:00,19161.5,19163.0,19161.5,19162.5,7.99,153104.0465
2022-10-23 00:23:00,19162.5,19163.0,19162.5,19162.5,6.24,119576.0095
2022-10-23 00:24:00,19162.5,19163.0,19162.5,19162.5,5.617,107637.4755
2022-10-23 00:25:00,19162.5,19165.0,19162.5,19165.0,16.228,310993.9885
2022-10-23 00:26:00,19165.0,19165.0,19164.5,19164.5,23.374,447956.359
2022-10-23 00:27:00,19164.5,19165.0,19164.5,19165.0,22.313,427618.6755
2022-10-23 00:28:00,19165.0,19165.0,19164.5,19165.0,17.699,339198.3875
2022-10-23 00:29:00,19165.0,19165.0,19164.5,19165.0,12.752,244388.3335
2022-10-23 00:30:00,19165.0,19165.0,19164.5,19165.0,14.673,281202.829
2022-10-23 00:31:00,19165.0,19165.0,19164.0,19164.0,20.748,397623.4905
2022-10-23 00:32:00,19164.0,19164.5,19158.5,19159.0,115.822,2219321.527
2022-10-23 00:33:00,19159.0,19159.5,19157.5,19158.0,22.169,424713.9445
2022-10-23 00:34:00,19158.0,19158.0,19157.5,19157.5,11.288,216251.4925
2022-10-23 00:35:00,19157.5,19158.0,19157.5,19157.5,3.187,61055.591
2022-10-23 00:36:00,19157.5,19158.0,19157.5,19157.5,8.621,165160.271
2022-10-23 00:37:00,19157.5,19158.0,19157.5,19157.5,10.362,198510.585
2022-10-23 00:38:00,19157.5,19165.0,19157.5,19165.0,24.035,460522.2755
2022-10-23 00:39:00,19165.0,19166.0,19164.5,19165.5,11.769,225556.11
2022-10-23 00:40:00,19165.5,19169.0,19165.5,19168.5,22.665,434441.897
2022-10-23 00:41:00,19168.5,19169.0,19168.5,19168.5,6.013,115261.9425
2022-10-23 00:42:00,19168.5,19170.5,19168.5,19170.0,18.395,352634.746
2022-10-23 00:43:00,19170.0,19174.0,19170.0,19173.5,29.54,566353.1375
2022-10-23 00:44:00,19173.5,19179.5,19173.5,19179.5,37.576,720598.9715
2022-10-23 00:45:00,19179.5,19179.5,19179.0,19179.0,20.807,399063.796
2022-10-23 00:46:00,19179.0,19179.5,19179.0,19179.5,8.228,157805.4125
2022-10-23 00:47:00,19179.5,19179.5,19177.5,19178.0,87.721,1682342.732
2022-10-23 00:48:00,19178.0,19178.0,19177.5,19178.0,27.844,533981.859
2022-10-23 00:49:00,19178.0,19178.0,19177.5,19177.5,15.052,288660.9415
2022-10-23 00:50:00,19177.5,19178.0,19177.5,19177.5,5.541,106263.8165
2022-10-23 00:51:00,19177.5,19178.0,19177.5,19178.0,16.012,307072.8295
2022-10-23 00:52:00,19178.0,19178.0,19177.5,19178.0,4.627,88735.1945
2022-10-23 00:53:00,19178.0,19178.0,19177.5,19178.0,10.012,192005.4995
2022-10-23 00:54:00,19178.0,19178.0,19173.0,19176.0,43.749,838882.827
2022-10-23 00:55:00,19176.0,19176.5,19176.0,19176.0,7.007,134367.6555
2022-10-23 00:56:00,19176.0,19176.5,19176.0,19176.5,6.087,116726.727
2022-10-23 00:57:00,19176.5,19176.5,19176.0,19176.0,6.129,117530.269
2022-10-23 00:58:00,19176.0,19176.5,19176.0,19176.0,1.809,34689.9
2022-10-23 00:59:00,19176.0,19176.5,19176.0,19176.5,1.996,38275.62
2022-10-23 01:00:00,19176.5,19176.5,19176.0,19176.0,5.823,111662.997
2022-10-23 01:01:00,19176.0,19176.5,19175.0,19175.5,9.141,175283.032
2022-10-23 01:02:00,19175.5,19175.5,19170.0,19170.5,27.957,535967.7515
2022-10-23 01:03:00,19170.5,19170.5,19167.5,19167.5,19.399,371856.8705
2022-10-23 01:04:00,19167.5,19168.0,19167.5,19167.5,11.321,216996.827
2022-10-23 01:05:00,19167.5,19168.0,19167.5,19168.0,5.63,107914.2415
2022-10-23 01:06:00,19168.0,19168.0,19167.5,19167.5,4.941,94707.748
2022-10-23 01:07:00,19167.5,19168.0,19167.5,19167.5,8.754,167795.1585
2022-10-23 01:08:00,19167.5,19168.0,19167.5,19168.0,4.081,78223.3335
2022-10-23 01:09:00,19168.0,19168.0,19167.5,19167.5,22.931,439539.8295
2022-10-23 01:10:00,19167.5,19168.0,19167.5,19167.5,2.536,48609.364
2022-10-23 01:11:00,19167.5,19173.0,19167.5,19172.5,22.774,436582.36
2022-10-23 01:12:00,19172.5,19175.0,19172.5,19175.0,19.16,367365.4875
2022-10-23 01:13:00,19175.0,19175.0,19174.5,19174.5,12.246,234812.8835
2022-10-23 01:14:00,19174.5,19175.0,19174.5,19174.5,2.344,44945.9535
2022-10-23 01:15:00,19174.5,19175.0,19174.5,19174.5,5.747,110197.441
2022-10-23 01:16:00,19174.5,19176.5,19174.5,19176.0,5.8,111221.352
2022-10-23 01:17:00,19176.0,19177.0,19176.0,19177.0,3.486,66849.4345
2022-10-23 01:18:00,19177.0,19177.0,19176.5,19177.0,8.129,155888.8795
2022-10-23 01:19:00,19177.0,19177.0,19173.0,19173.5,7.786,149299.9085
2022-10-23 01:20:00,19173.5,19173.5,19173.0,19173.0,23.634,453134.8015
2022-10-23 01:21:00,19173.0,19173.5,19173.0,19173.0,11.924,228623.5515
2022-10-23 01:22:00,19173.0,19173.5,19173.0,19173.0,12.816,245722.2175
2022-10-23 01:23:00,19173.0,19173.5,19173.0,19173.5,33.333,639094.4855
2022-10-23 01:24:00,19173.5,19173.5,19173.0,19173.5,18.102,347070.2095
2022-10-23 01:25:00,19173.5,19173.5,19172.5,19173.0,8.403,161107.082
2022-10-23 01:26:00,19173.0,19173.0,19172.5,19173.0,5.541,106236.193
2022-10-23 01:27:00,19173.0,19173.0,19172.5,19173.0,5.545,106313.721
2022-10-23 01:28:00,19173.0,19173.0,19172.5,19172.5,7.948,152386.768
2022-10-23 01:29:00,19172.5,19173.0,19172.5,19172.5,5.547,106351.1375
2022-10-23 01:30:00,19172.5,19173.0,19172.5,19172.5,5.376,103073.001
2022-10-23 01:31:00,19172.5,19173.0,19172.5,19172.5,1.852,35507.987
2022-10-23 01:32:00,19172.5,19173.0,19172.5,19173.0,4.549,87217.174
2022-10-23 01:33:00,19173.0,19173.5,19172.5,19173.0,14.901,285697.329
2022-10-23 01:34:00,19173.0,19173.5,19173.0,19173.5,3.554,68142.024
2022-10-23 01:35:00,19173.5,19173.5,19173.0,19173.5,3.27,62696.8225
2022-10-23 01:36:00,19173.5,19173.5,19173.0,19173.5,5.647,108271.186
2022-10-23 01:37:00,19173.5,19173.5,19173.0,19173.5,2.243,43005.7385
2022-10-23 01:38:00,19173.5,19173.5,19173.0,19173.0,1.439,27590.427
2022-10-23 01:39:00,19173.0,19173.5,19173.0,19173.0,3.001,57539.19
2022-10-23 01:40:00,19173.0,19177.0,19173.0,19176.5,40.428,775173.8585
2022-10-23 01:41:00,19176.5,19177.0,19176.5,19176.5,7.782,149232.571
2022-10-23 01:42:00,19176.5,19177.0,19174.5,19174.5,7.849,150505.161
2022-10-23 01:43:00,19174.5,19175.0,19173.0,19173.5,4.416,84675.171
2022-10-23 01:44:00,19173.5,19173.5,19173.0,19173.0,2.048,39266.6245
2022-10-23 01:45:00,19173.0,19173.5,19173.0,19173.5,13.977,267981.4195
2022-10-23 01:46:00,19173.5,19173.5,19172.0,19172.5,10.122,194067.621
2022-10-23 01:47:00,19172.5,19172.5,19172.0,19172.5,6.713,128701.996
2022-10-23 01:48:00,19172.5,19172.5,19172.0,19172.5,8.676,166336.638
2022-10-23 01:49:00,19172.5,19172.5,19172.0,19172.0,3.001,57535.5835
2022-10-23 01:50:00,19172.0,19172.5,19172.0,19172.0,23.322,447129.613
2022-10-23 01:51:00,19172.0,19172.5,19172.0,19172.5,2.505,48026.267
2022-10-23 01:52:00,19172.5,19172.5,19172.0,19172.0,2.149,41201.1815
2022-10-23 01:53:00,19172.0,19172.5,19172.0,19172.0,18.812,360664.9595
2022-10-23 01:54:00,19172.0,19172.5,19172.0,19172.0,13.471,258270.5955
2022-10-23 01:55:00,19172.0,19172.5,19172.0,19172.5,2.315,44383.8495
2022-10-23 01:56:00,19172.5,19172.5,19172.0,19172.0,4.658,89303.453
2022-10-23 01:57:00,19172.0,19172.5,19172.0,19172.0,5.359,102743.656
2022-10-23 01:58:00,19172.0,19172.5,19169.0,19169.5,24.928,477898.548
2022-10-23 01:59:00,19169.5,19169.5,19169.0,19169.5,5.526,105928.441
2022-10-23 02:00:00,19169.5,19169.5,19169.0,19169.0,3.261,62510.4675
2022-10-23 02:01:00,19169.0,19170.0,19169.0,19169.5,10.215,195815.87
2022-10-23 02:02:00,19169.5,19171.5,19169.5,19171.0,15.596,298993.074
2022-10-23 02:03:00,19171.0,19173.0,19171.0,19172.5,23.583,452139.469
2022-10-23 02:04:00,19172.5,19173.0,19172.5,19173.0,16.915,324307.401
2022-10-23 02:05:00,19173.0,19173.0,19172.5,19172.5,2.104,40339.549
2022-10-23 02:06:00,19172.5,19173.0,19172.5,19172.5,4.767,91397.266
2022-10-23 02:07:00,19172.5,19173.0,19172.5,19172.5,5.095,97685.5305
2022-10-23 02:08:00,19172.5,19175.0,19172.5,19174.5,26.741,512745.2645
2022-10-23 02:09:00,19174.5,19175.0,19174.5,19174.5,13.809,264786.762
2022-10-23 02:10:00,19174.5,19175.5,19174.5,19175.0,8.938,171388.3295
2022-10-23 02:11:00,19175.0,19175.5,19175.0,19175.0,4.159,79749.9895
2022-10-23 02:12:00,19175.0,19178.5,19175.0,19178.5,92.853,1780581.807
2022-10-23 02:13:00,19178.5,19178.5,19178.0,19178.0,11.681,224022.189
2022-10-23 02:14:00,19178.0,19178.5,19178.0,19178.0,10.907,209177.593
2022-10-23 02:15:00,19178.0,19178.5,19178.0,19178.0,18.716,358943.819
2022-10-23 02:16:00,19178.0,19178.5,19178.0,19178.0,6.855,131467.687
2022-10-23 02:17:00,19178.0,19180.0,19178.0,19179.5,32.403,621470.3115
2022-10-23 02:18:00,19179.5,19180.0,19179.5,19179.5,23.434,449457.1915
2022-10-23 02:19:00,19179.5,19180.0,19179.5,19179.5,13.477,258488.2465
2022-10-23 02:20:00,19179.5,19200.0,19179.5,19199.5,349.321,6704321.094
2022-10-23 02:21:00,19199.5,19200.0,19199.5,19200.0,71.964,1381696.8655
2022-10-23 02:22:00,19200.0,19206.0,19199.5,19204.5,71.247,1368126.713
2022-10-23 02:23:00,19204.5,19215.0,19204.5,19212.5,176.74,3395462.009
2022-10-23 02:24:00,19212.5,19213.0,19212.5,19213.0,48.494,931699.378
2022-10-23 02:25:00,19213.0,19213.0,19211.0,19211.5,48.498,931745.131
2022-10-23 02:26:00,19211.5,19211.5,19210.5,19211.0,69.74,1339769.4845
2022-10-23 02:27:00,19211.0,19211.0,19210.5,19210.5,15.44,296612.564
2022-10-23 02:28:00,19210.5,19211.0,19210.5,19211.0,16.437,315763.6315
2022-10-23 02:29:00,19211.0,19211.0,19210.5,19211.0,17.763,341236.5955
2022-10-23 02:30:00,19211.0,19211.0,19210.5,19211.0,44.258,850229.96
2022-10-23 02:31:00,19211.0,19211.0,19210.5,19210.5,36.507,701321.3415
2022-10-23 02:32:00,19210.5,19211.0,19210.5,19211.0,22.246,427359.2535
2022-10-23 02:33:00,19211.0,19211.0,19210.5,19211.0,32.746,629074.7355
2022-10-23 02:34:00,19211.0,19211.0,19209.0,19209.0,39.214,753275.742
2022-10-23 02:35:00,19209.0,19209.5,19209.0,19209.0,11.429,219540.8275
2022-10-23 02:36:00,19209.0,19209.5,19209.0,19209.0,11.585,222536.942
2022-10-23 02:37:00,19209.0,19209.5,19209.0,19209.5,27.318,524760.863
2022-10-23 02:38:00,19209.5,19209.5,19209.0,19209.5,11.958,229701.8465
2022-10-23 02:39:00,19209.5,19209.5,19209.0,19209.5,47.633,914983.6065
2022-10-23 02:40:00,19209.5,19209.5,19209.0,19209.5,16.834,323366.3835
2022-10-23 02:41:00,19209.5,19209.5,19197.0,19197.5,112.143,2153578.473
2022-10-23 02:42:00,19197.5,19197.5,19197.0,19197.5,70.549,1354350.107
2022-10-23 02:43:00,19197.5,19197.5,19190.0,19190.0,64.16,1231377.8375
2022-10-23 02:44:00,19190.0,19190.0,19183.0,19183.5,172.995,3319222.4115
2022-10-23 02:45:00,19183.5,19186.5,19183.0,19186.5,36.349,697333.6745
2022-10-23 02:46:00,19186.5,19189.5,19186.0,19189.5,21.398,410583.229
2022-10-23 02:47:00,19189.5,19192.5,19189.0,19192.0,16.693,320367.3155
2022-10-23 02:48:00,19192.0,19192.5,19192.0,19192.0,7.579,145457.528
2022-10-23 02:49:00,19192.0,19204.5,19192.0,19200.5,80.599,1547493.2295
2022-10-23 02:50:00,19200.5,19202.0,19200.0,19202.0,51.626,991296.5935
2022-10-23 02:51:00,19202.0,19202.0,19198.5,19198.5,15.151,290901.527
2022-10-23 02:52:00,19198.5,19199.0,19198.5,19199.0,2.239,42985.812
2022-10-23 02:53:00,19199.0,19199.0,19194.5,19194.5,20.04,384687.474
2022-10-23 02:54:00,19194.5,19195.0,19194.5,19194.5,1.684,32323.977
2022-10-23 02:55:00,19194.5,19195.0,19184.0,19184.0,25.329,485980.516
2022-10-23 02:56:00,19184.0,19191.0,19184.0,19191.0,12.367,237274.6755
2022-10-23 02:57:00,19191.0,19191.0,19190.5,19191.0,5.04,96721.485
2022-10-23 02:58:00,19191.0,19191.0,19190.5,19190.5,2.833,54367.3565
2022-10-23 02:59:00,19190.5,19191.0,19190.5,19191.0,3.327,63846.9435
2022-10-23 03:00:00,19191.0,19191.0,19190.5,19190.5,5.922,113647.7385
2022-10-23 03:01:00,19190.5,19191.0,19190.5,19191.0,4.501,86377.5295
2022-10-23 03:02:00,19191.0,19191.0,19190.5,19190.5,3.439,65997.0355
2022-10-23 03:03:00,19190.5,19191.0,19190.5,19191.0,3.652,70084.4875
2022-10-23 03:04:00,19191.0,19191.0,19190.5,19190.5,5.759,110518.6395
2022-10-23 03:05:00,19190.5,19196.0,19190.5,19196.0,15.015,288181.221
2022-10-23 03:06:00,19196.0,19196.5,19196.0,19196.0,8.373,160729.3005
2022-10-23 03:07:00,19196.0,19197.0,19196.0,19197.0,6.033,115811.837
2022-10-23 03:08:00,19197.0,19198.0,19196.5,19198.0,6.972,133845.444
2022-10-23 03:09:00,19198.0,19198.0,19197.5,19198.0,4.858,93261.6645
2022-10-23 03:10:00,19198.0,19198.0,19197.5,19198.0,2.553,49011.94
2022-10-23 03:11:00,19198.0,19198.5,19198.0,19198.0,13.963,268068.4455
2022-10-23 03:12:00,19198.0,19198.5,19198.0,19198.0,3.048,58516.577
2022-10-23 03:13:00,19198.0,19200.0,19198.0,19200.0,15.377,295219.252
2022-10-23 03:14:00,19200.0,19200.0,19199.5,19200.0,10.557,202691.4175
2022-10-23 03:15:00,19200.0,19200.0,19199.5,19200.0,2.889,55467.6
2022-10-23 03:16:00,19200.0,19200.0,19199.5,19199.5,7.256,139312.373
2022-10-23 03:17:00,19199.5,19200.0,19199.5,19199.5,5.081,97553.534
2022-10-23 03:18:00,19199.5,19200.0,19199.5,19199.5,1.721,33042.5385
2022-10-23 03:19:00,19199.5,19205.5,19199.5,19205.0,19.493,374296.6435
2022-10-23 03:20:00,19205.0,19205.5,19205.0,19205.5,18.661,358388.287
2022-10-23 03:21:00,19205.5,19205.5,19205.0,19205.5,8.657,166260.66
2022-10-23 03:22:00,19205.5,19205.5,19201.5,19202.0,35.611,683837.0465
2022-10-23 03:23:00,19202.0,19202.0,19201.5,19202.0,2.721,52247.9585
2022-10-23 03:24:00,19202.0,19202.0,19201.5,19201.5,5.77,110793.1875
2022-10-23 03:25:00,19201.5,19202.0,19201.5,19201.5,3.462,66476.585
2022-10-23 03:26:00,19201.5,19202.0,19200.0,19200.5,8.277,158931.514
2022-10-23 03:27:00,19200.5,19200.5,19200.0,19200.5,11.832,227175.109
2022-10-23 03:28:00,19200.5,19200.5,19199.5,19200.0,18.474,354697.6945
2022-10-23 03:29:00,19200.0,19200.0,19199.0,19199.0,19.851,381122.884
2022-10-23 03:30:00,19199.0,19199.0,19190.5,19191.0,45.293,869406.1885
2022-10-23 03:31:00,19191.0,19191.0,19190.5,19191.0,12.893,247423.7255
2022-10-23 03:32:00,19191.0,19194.0,19184.5,19193.5,59.699,1145600.105
2022-10-23 03:33:00,19193.5,19194.0,19193.5,19193.5,8.113,155719.3635
2022-10-23 03:34:00,19193.5,19194.0,19190.0,19190.5,35.879,688626.8845
2022-10-23 03:35:00,19190.5,19190.5,19182.5,19183.0,15.787,302883.756
2022-10-23 03:36:00,19183.0,19183.0,19182.5,19183.0,4.816,92383.88
2022-10-23 03:37:00,19183.0,19183.0,19177.0,19179.0,85.806,1645716.6835
2022-10-23 03:38:00,19179.0,19186.0,19179.0,19184.5,35.054,672469.9625
2022-10-23 03:39:00,19184.5,19184.5,19182.5,19183.0,4.878,93575.677
2022-10-23 03:40:00,19183.0,19183.0,19182.5,19182.5,6.543,125512.1075
2022-10-23 03:41:00,19182.5,19190.5,19182.5,19190.0,32.098,615869.639
2022-10-23 03:42:00,19190.0,19190.0,19186.0,19186.5,11.749,225443.083
2022-10-23 03:43:00,19186.5,19186.5,19186.0,19186.0,2.189,41998.6495
2022-10-23 03:44:00,19186.0,19186.5,19186.0,19186.5,1.771,33978.9555
2022-10-23 03:45:00,19186.5,19186.5,19186.0,19186.0,14.769,283360.8125
2022-10-23 03:46:00,19186.0,19190.0,19186.0,19189.0,28.627,549256.825
2022-10-23 03:47:00,19189.0,19189.0,19184.0,19184.0,15.571,298777.614
2022-10-23 03:48:00,19184.0,19184.5,19184.0,19184.0,5.577,106989.946
2022-10-23 03:49:00,19184.0,19184.5,19182.0,19182.5,26.818,514442.106
2022-10-23 03:50:00,19182.5,19182.5,19182.0,19182.5,5.212,99976.9655
2022-10-23 03:51:00,19182.5,19182.5,19182.0,19182.0,5.235,100418.4435
2022-10-23 03:52:00,19182.0,19182.5,19182.0,19182.5,2.525,48435.3225
2022-10-23 03:53:00,19182.5,19182.5,19182.0,19182.5,4.149,79587.3965
2022-10-23 03:54:00,19182.5,19182.5,19182.0,19182.5,2.699,51772.714
2022-10-23 03:55:00,19182.5,19182.5,19182.0,19182.5,2.241,42987.3875
2022-10-23 03:56:00,19182.5,19182.5,19182.0,19182.5,5.697,109280.6075
2022-10-23 03:57:00,19182.5,19182.5,19182.0,19182.5,11.561,221768.7085
2022-10-23 03:58:00,19182.5,19182.5,19182.0,19182.0,1.808,34681.4085
2022-10-23 03:59:00,19182.0,19182.5,19182.0,19182.0,11.536,221283.594
2022-10-23 04:00:00,19182.0,19182.5,19182.0,19182.5,0.61,11701.269
2022-10-23 04:01:00,19182.5,19182.5,19182.0,19182.5,0.784,15038.8665
2022-10-23 04:02:00,19182.5,19182.5,19182.0,19182.0,3.27,62725.2355
2022-10-23 04:03:00,19182.0,19182.5,19182.0,19182.0,4.324,82944.94
2022-10-23 04:04:00,19182.0,19182.5,19182.0,19182.5,11.319,217126.5835
2022-10-23 04:05:00,19182.5,19182.5,19182.0,19182.5,10.825,207648.896
2022-10-23 04:06:00,19182.5,19182.5,19182.0,19182.5,5.025,96391.4065
2022-10-23 04:07:00,19182.5,19182.5,19182.0,19182.5,4.341,83269.649
2022-10-23 04:08:00,19182.5,19182.5,19182.0,19182.5,16.546,317393.1345
2022-10-23 04:09:00,19182.5,19182.5,19182.0,19182.5,5.992,114940.8355
2022-10-23 04:10:00,19182.5,19182.5,19182.0,19182.5,7.718,148050.0205
2022-10-23 04:11:00,19182.5,19182.5,19182.0,19182.5,3.405,65315.6275
2022-10-23 04:12:00,19182.5,19182.5,19182.0,19182.0,3.179,60980.438
2022-10-23 04:13:00,19182.0,19182.5,19182.0,19182.5,0.355,6809.636
2022-10-23 04:14:00,19182.5,19182.5,19182.0,19182.0,6.116,117317.4665
2022-10-23 04:15:00,19182.0,19182.5,19182.0,19182.0,5.036,96600.816
2022-10-23 04:16:00,19182.0,19182.5,19182.0,19182.0,9.052,173635.7845
2022-10-23 04:17:00,19182.0,19182.5,19182.0,19182.0,2.595,49777.4445
2022-10-23 04:18:00,19182.0,19182.5,19179.5,19179.5,22.639,434223.0095
2022-10-23 04:19:00,19179.5,19179.5,19179.0,19179.5,30.603,586935.822
2022-10-23 04:20:00,19179.5,19179.5,19179.0,19179.5,13.208,253322.347
2022-10-23 04:21:00,19179.5,19179.5,19179.0,19179.5,3.448,66130.103
2022-10-23 04:22:00,19179.5,19179.5,19179.0,19179.0,8.739,167606.9725
2022-10-23 04:23:00,19179.0,19179.5,19179.0,19179.5,7.751,148657.9525
2022-10-23 04:24:00,19179.5,19179.5,19179.0,19179.5,2.095,40180.522
2022-10-23 04:25:00,19179.5,19179.5,19179.0,19179.0,16.66,319529.7655
2022-10-23 04:26:00,19179.0,19183.0,19179.0,19183.0,17.26,331065.866
2022-10-23 04:27:00,19183.0,19183.0,19182.5,19182.5,4.25,81527.4775
2022-10-23 04:28:00,19182.5,19183.0,19182.5,19183.0,8.22,157683.2935
2022-10-23 04:29:00,19183.0,19183.0,19182.5,19183.0,1.345,25800.7955
2022-10-23 04:30:00,19183.0,19183.0,19182.5,19182.5,5.644,108268.0375
2022-10-23 04:31:00,19182.5,19183.0,19182.5,19182.5,3.931,75407.1505
2022-10-23 04:32:00,19182.5,19185.0,19182.5,19184.5,41.179,789979.948
2022-10-23 04:33:00,19184.5,19185.0,19184.5,19185.0,8.903,170803.7225
2022-10-23 04:34:00,19185.0,19185.0,19184.5,19185.0,3.126,59972.099
2022-10-23 04:35:00,19185.0,19185.0,19184.5,19185.0,7.359,141182.008
2022-10-23 04:36:00,19185.0,19188.0,19184.5,19187.5,31.658,607387.938
2022-10-23 04:37:00,19187.5,19188.0,19187.5,19188.0,37.677,722943.2265
2022-10-23 04:38:00,19188.0,19188.0,19187.5,19187.5,5.648,108371.999
2022-10-23 04:39:00,19187.5,19188.0,19187.5,19188.0,16.615,318806.9525
2022-10-23 04:40:00,19188.0,19188.0,19187.5,19187.5,7.57,145250.073
2022-10-23 04:41:00,19187.5,19188.0,19187.5,19188.0,5.203,99834.246
2022-10-23 04:42:00,19188.0,19188.0,19187.5,19188.0,31.318,600916.541
2022-10-23 04:43:00,19188.0,19188.0,19187.5,19188.0,11.629,223131.7785
2022-10-23 04:44:00,19188.0,19188.0,19187.5,19188.0,2.983,57236.9595
2022-10-23 04:45:00,19188.0,19188.0,19187.5,19188.0,1.907,36591.209
2022-10-23 04:46:00,19188.0,19188.0,19187.5,19187.5,2.927,56162.395
2022-10-23 04:47:00,19187.5,19189.0,19187.5,19189.0,16.754,321476.761
2022-10-23 04:48:00,19189.0,19190.0,19189.0,19190.0,37.922,727711.811
2022-10-23 04:49:00,19190.0,19190.0,19189.5,19190.0,1.847,35443.7775
2022-10-23 04:50:00,19190.0,19190.0,19189.5,19189.5,30.545,586143.4125
2022-10-23 04:51:00,19189.5,19190.0,19189.5,19189.5,7.683,147433.5015
2022-10-23 04:52:00,19189.5,19190.0,19189.5,19189.5,42.335,812402.5505
2022-10-23 04:53:00,19189.5,19190.0,19189.5,19190.0,1.751,33601.106
2022-10-23 04:54:00,19190.0,19190.0,19189.5,19189.5,4.054,77795.563
2022-10-23 04:55:00,19189.5,19190.0,19189.5,19190.0,24.442,469030.9635
2022-10-23 04:56:00,19190.0,19190.0,19189.5,19190.0,5.25,100745.5695
2022-10-23 04:57:00,19190.0,19190.0,19188.5,19189.0,7.804,149753.1885
2022-10-23 04:58:00,19189.0,19189.0,19187.5,19188.0,4.889,93809.0495
2022-10-23 04:59:00,19188.0,19188.0,19186.5,19187.0,4.649,89198.7795
2022-10-23 05:00:00,19187.0,19187.0,19186.5,19187.0,16.758,321528.925
2022-10-23 05:01:00,19187.0,19187.0,19186.5,19187.0,2.442,46853.9365
2022-10-23 05:02:00,19187.0,19187.0,19186.5,19187.0,18.255,350254.3895
2022-10-23 05:03:00,19187.0,19187.0,19186.5,19187.0,1.434,27513.451
2022-10-23 05:04:00,19187.0,19187.0,19186.5,19187.0,2.239,42958.926
2022-10-23 05:05:00,19187.0,19187.0,19185.5,19186.0,16.475,316085.9255
2022-10-23 05:06:00,19186.0,19186.0,19185.0,19185.5,7.316,140361.1055
2022-10-23 05:07:00,19185.5,19185.5,19185.0,19185.5,5.285,101392.8595
2022-10-23 05:08:00,19185.5,19185.5,19185.0,19185.0,4.486,86064.528
2022-10-23 05:09:00,19185.0,19185.5,19185.0,19185.0,2.047,39272.2165
2022-10-23 05:10:00,19185.0,19185.5,19185.0,19185.5,36.207,694647.754
2022-10-23 05:11:00,19185.5,19185.5,19185.0,19185.5,1.45,27818.6955
2022-10-23 05:12:00,19185.5,19185.5,19185.0,19185.5,17.703,339640.1785
2022-10-23 05:13:00,19185.5,19185.5,19185.0,19185.5,4.371,83859.3105
2022-10-23 05:14:00,19185.5,19185.5,19185.0,19185.5,6.173,118429.3715
2022-10-23 05:15:00,19185.5,19185.5,19185.0,19185.5,3.331,63906.1235
2022-10-23 05:16:00,19185.5,19185.5,19185.0,19185.5,2.961,56807.6125
2022-10-23 05:17:00,19185.5,19185.5,19185.0,19185.0,4.117,78985.79
2022-10-23 05:18:00,19185.0,19185.5,19185.0,19185.5,7.924,152025.154
2022-10-23 05:19:00,19185.5,19185.5,19185.0,19185.5,12.48,239434.5095
2022-10-23 05:20:00,19185.5,19190.0,19185.0,19189.5,61.082,1171951.4075
2022-10-23 05:21:00,19189.5,19190.0,19189.5,19189.5,19.607,376255.5175
2022-10-23 05:22:00,19189.5,19190.0,19189.5,19189.5,7.034,134981.879
2022-10-23 05:23:00,19189.5,19190.0,19189.5,19189.5,12.484,239567.194
2022-10-23 05:24:00,19189.5,19190.0,19189.5,19190.0,62.01,1189946.892
2022-10-23 05:25:00,19190.0,19190.0,19189.5,19190.0,2.927,56168.5305
2022-10-23 05:26:00,19190.0,19190.0,19189.5,19189.5,33.308,639180.178
2022-10-23 05:27:00,19189.5,19190.0,19189.5,19189.5,12.075,231718.7775
2022-10-23 05:28:00,19189.5,19190.0,19189.5,19189.5,1.716,32929.764
2022-10-23 05:29:00,19189.5,19190.0,19189.5,19189.5,9.402,180422.957
2022-10-23 05:30:00,19189.5,19192.5,19189.5,19192.0,6.409,122999.3605
2022-10-23 05:31:00,19192.0,19198.5,19192.0,19198.0,31.01,595276.8015
2022-10-23 05:32:00,19198.0,19199.5,19198.0,19199.5,19.048,365702.247
2022-10-23 05:33:00,19199.5,19201.0,19199.0,19200.5,54.106,1038845.9025
2022-10-23 05:34:00,19200.5,19201.0,19200.5,19200.5,8.952,171886.5435
2022-10-23 05:35:00,19200.5,19205.0,19200.5,19204.5,29.426,565038.508
2022-10-23 05:36:00,19204.5,19205.0,19200.5,19200.5,33.041,634528.033
2022-10-23 05:37:00,19200.5,19201.0,19200.0,19200.5,37.5,720019.654
2022-10-23 05:38:00,19200.5,19200.5,19200.0,19200.0,0.894,17164.829
2022-10-23 05:39:00,19200.0,19200.5,19196.5,19196.5,125.91,2417331.925
2022-10-23 05:40:00,19196.5,19197.0,19196.5,19196.5,7.651,146872.5375
2022-10-23 05:41:00,19196.5,19197.0,19194.0,19194.5,14.818,284435.268
2022-10-23 05:42:00,19194.5,19194.5,19192.5,19193.0,16.576,318150.273
2022-10-23 05:43:00,19193.0,19193.0,19189.5,19190.0,13.687,262663.2055
2022-10-23 05:44:00,19190.0,19190.0,19189.5,19189.5,1.63,31279.428
2022-10-23 05:45:00,19189.5,19194.5,19189.5,19194.5,15.594,299301.7915
2022-10-23 05:46:00,19194.5,19194.5,19194.0,19194.0,3.768,72324.2855
2022-10-23 05:47:00,19194.0,19194.5,19194.0,19194.5,1.477,28350.1575
2022-10-23 05:48:00,19194.5,19194.5,19194.0,19194.0,1.344,25796.945
2022-10-23 05:49:00,19194.0,19194.5,19194.0,19194.5,2.7,51824.7665
2022-10-23 05:50:00,19194.5,19194.5,19194.0,19194.5,3.845,73801.0005
2022-10-23 05:51:00,19194.5,19194.5,19194.0,19194.5,7.363,141325.893
2022-10-23 05:52:00,19194.5,19194.5,19193.5,19194.0,6.703,128658.033
2022-10-23 05:53:00,19194.0,19194.0,19191.0,19191.5,5.091,97710.0975
2022-10-23 05:54:00,19191.5,19191.5,19191.0,19191.5,4.797,92059.2835
2022-10-23 05:55:00,19191.5,19191.5,19191.0,19191.5,1.201,23048.4735
2022-10-23 05:56:00,19191.5,19195.0,19191.0,19194.5,33.003,633479.729
2022-10-23 05:57:00,19194.5,19195.0,19194.5,19195.0,40.522,777810.5365
2022-10-23 05:58:00,19195.0,19195.0,19194.5,19195.0,3.0,57584.1455
2022-10-23 05:59:00,19195.0,19195.0,19192.5,19193.0,2.588,49673.282
2022-10-23 06:00:00,19193.0,19193.0,19192.5,19193.0,4.468,85752.4015
2022-10-23 06:01:00,19193.0,19193.0,19192.5,19193.0,4.847,93026.5645
2022-10-23 06:02:00,19193.0,19193.0,19192.5,19193.0,1.987,38136.2865
2022-10-23 06:03:00,19193.0,19193.0,19192.5,19193.0,0.643,12340.965
2022-10-23 06:04:00,19193.0,19193.0,19192.5,19193.0,6.324,121373.9135
2022-10-23 06:05:00,19193.0,19193.0,19192.5,19193.0,1.331,25545.558
2022-10-23 06:06:00,19193.0,19193.0,19192.5,19192.5,3.63,69668.9895
2022-10-23 06:07:00,19192.5,19193.0,19192.5,19192.5,4.878,93621.574
2022-10-23 06:08:00,19192.5,19193.0,19192.5,19192.5,1.924,36927.2815
2022-10-23 06:09:00,19192.5,19199.0,19192.5,19198.5,37.975,729003.073
2022-10-23 06:10:00,19198.5,19199.0,19198.5,19198.5,16.23,311593.3135
2022-10-23 06:11:00,19198.5,19199.0,19191.5,19192.0,25.649,492369.9905
2022-10-23 06:12:00,19192.0,19192.0,19186.0,19186.0,14.197,272427.64
2022-10-23 06:13:00,19186.0,19186.5,19186.0,19186.5,7.538,144624.2415
2022-10-23 06:14:00,19186.5,19186.5,19186.0,19186.5,7.269,139464.4435
2022-10-23 06:15:00,19186.5,19186.5,19183.5,19184.0,16.45,315589.1795
2022-10-23 06:16:00,19184.0,19184.0,19182.0,19182.5,19.591,375801.49
2022-10-23 06:17:00,19182.5,19182.5,19182.0,19182.0,9.455,181366.9225
2022-10-23 06:18:00,19182.0,19182.5,19182.0,19182.5,2.159,41414.609
2022-10-23 06:19:00,19182.5,19184.0,19182.0,19183.5,31.35,601379.959
2022-10-23 06:20:00,19183.5,19184.0,19183.5,19183.5,13.465,258311.154
2022-10-23 06:21:00,19183.5,19185.5,19183.5,19185.0,5.612,107661.667
2022-10-23 06:22:00,19185.0,19186.0,19185.0,19185.5,9.726,186598.697
2022-10-23 06:23:00,19185.5,19186.0,19185.5,19186.0,1.741,33402.1435
2022-10-23 06:24:00,19186.0,19186.0,19185.5,19185.5,1.014,19454.4115
2022-10-23 06:25:00,19185.5,19186.0,19185.5,19185.5,3.345,64176.047
2022-10-23 06:26:00,19185.5,19186.0,19185.5,19186.0,11.107,213096.861
2022-10-23 06:27:00,19186.0,19186.0,19185.5,19186.0,3.062,58746.7005
2022-10-23 06:28:00,19186.0,19186.0,19185.5,19186.0,2.927,56156.134
2022-10-23 06:29:00,19186.0,19186.0,19185.5,19186.0,26.73,512834.368
2022-10-23 06:30:00,19186.0,19186.0,19185.5,19185.5,32.083,615530.4865
2022-10-23 06:31:00,19185.5,19186.0,19185.5,19186.0,7.346,140940.0775
2022-10-23 06:32:00,19186.0,19186.5,19186.0,19186.0,13.341,255965.196
2022-10-23 06:33:00,19186.0,19186.5,19186.0,19186.5,12.014,230500.728
2022-10-23 06:34:00,19186.5,19186.5,19186.0,19186.5,7.142,137029.468
2022-10-23 06:35:00,19186.5,19186.5,19185.5,19186.0,15.925,305533.5845
2022-10-23 06:36:00,19186.0,19186.0,19181.5,19182.0,52.353,1004286.71
2022-10-23 06:37:00,19182.0,19182.0,19181.5,19182.0,6.724,128976.962
2022-10-23 06:38:00,19182.0,19182.0,19177.0,19177.5,50.565,969821.6285
2022-10-23 06:39:00,19177.5,19177.5,19174.5,19175.0,74.728,1432948.641
2022-10-23 06:40:00,19175.0,19175.0,19174.5,19174.5,43.583,835683.87
2022-10-23 06:41:00,19174.5,19175.0,19174.5,19175.0,3.106,59556.6285
2022-10-23 06:42:00,19175.0,19175.0,19173.0,19173.0,7.633,146351.7665
2022-10-23 06:43:00,19173.0,19173.5,19173.0,19173.5,2.786,53416.3845
2022-10-23 06:44:00,19173.5,19173.5,19173.0,19173.5,13.887,266255.79
2022-10-23 06:45:00,19173.5,19173.5,19173.0,19173.5,25.314,485347.2395
2022-10-23 06:46:00,19173.5,19173.5,19173.0,19173.5,10.581,202870.535
2022-10-23 06:47:00,19173.5,19173.5,19173.0,19173.5,2.372,45478.7245
2022-10-23 06:48:00,19173.5,19173.5,19173.0,19173.5,2.504,48009.3355
2022-10-23 06:49:00,19173.5,19173.5,19166.5,19167.0,102.681,1968284.6475
2022-10-23 06:50:00,19167.0,19167.0,19166.5,19167.0,17.241,330450.238
2022-10-23 06:51:00,19167.0,19167.0,19165.5,19166.0,20.81,398846.7065
2022-10-23 06:52:00,19166.0,19166.0,19164.0,19164.5,43.414,832009.7595
2022-10-23 06:53:00,19164.5,19164.5,19161.5,19162.0,20.767,397958.825
2022-10-23 06:54:00,19162.0,19162.0,19161.5,19162.0,87.82,1682805.1195
2022-10-23 06:55:00,19162.0,19162.0,19161.5,19161.5,31.658,606627.3645
2022-10-23 06:56:00,19161.5,19164.0,19161.5,19164.0,29.002,555768.5425
2022-10-23 06:57:00,19164.0,19164.0,19163.5,19163.5,32.741,627448.334
2022-10-23 06:58:00,19163.5,19166.5,19163.5,19166.0,31.473,603190.292
2022-10-23 06:59:00,19166.0,19166.5,19166.0,19166.5,15.064,288723.3465
2022-10-23 07:00:00,19166.5,19166.5,19166.0,19166.5,6.236,119521.1395
2022-10-23 07:01:00,19166.5,19166.5,19166.0,19166.0,4.094,78466.6975
2022-10-23 07:02:00,19166.0,19166.5,19166.0,19166.0,4.436,85021.9355
2022-10-23 07:03:00,19166.0,19166.5,19166.0,19166.0,3.402,65203.89
2022-10-23 07:04:00,19166.0,19166.5,19163.0,19163.5,20.245,387974.48
2022-10-23 07:05:00,19163.5,19163.5,19163.0,19163.0,1.825,34972.8915
2022-10-23 07:06:00,19163.0,19163.5,19163.0,19163.0,9.802,187836.7925
2022-10-23 07:07:00,19163.0,19163.5,19163.0,19163.0,11.754,225244.4575
2022-10-23 07:08:00,19163.0,19163.5,19163.0,19163.0,16.718,320370.202
2022-10-23 07:09:00,19163.0,19163.5,19163.0,19163.5,15.941,305484.8365
2022-10-23 07:10:00,19163.5,19165.0,19163.0,19164.5,12.083,231563.349
2022-10-23 07:11:00,19164.5,19165.0,19158.0,19158.5,105.46,2020953.967
2022-10-23 07:12:00,19158.5,19158.5,19158.0,19158.5,28.154,539382.4525
2022-10-23 07:13:00,19158.5,19160.0,19158.0,19159.5,19.033,364643.4905
2022-10-23 07:14:00,19159.5,19160.5,19159.5,19160.5,15.59,298704.027
2022-10-23 07:15:00,19160.5,19160.5,19160.0,19160.5,2.141,41022.3235
2022-10-23 07:16:00,19160.5,19160.5,19160.0,19160.5,6.824,130750.2395
2022-10-23 07:17:00,19160.5,19160.5,19159.0,19159.5,38.476,737191.9295
2022-10-23 07:18:00,19159.5,19159.5,19159.0,19159.5,12.353,236673.709
2022-10-23 07:19:00,19159.5,19159.5,19159.0,19159.5,3.153,60408.5725
2022-10-23 07:20:00,19159.5,19159.5,19159.0,19159.0,4.056,77710.387
2022-10-23 07:21:00,19159.0,19159.5,19159.0,19159.0,12.771,244684.8655
2022-10-23 07:22:00,19159.0,19159.5,19159.0,19159.0,12.983,248745.944
2022-10-23 07:23:00,19159.0,19160.0,19159.0,19159.5,14.57,279155.066
2022-10-23 07:24:00,19159.5,19161.0,19159.5,19161.0,20.863,399737.919
2022-10-23 07:25:00,19161.0,19161.5,19160.5,19161.0,24.834,475848.456
2022-10-23 07:26:00,19161.0,19163.5,19161.0,19163.0,29.098,557595.1305
2022-10-23 07:27:00,19163.0,19163.5,19163.0,19163.0,8.032,153920.004
2022-10-23 07:28:00,19163.0,19167.0,19163.0,19166.5,29.339,562288.5695
2022-10-23 07:29:00,19166.5,19167.0,19166.5,19166.5,11.653,223351.586
2022-10-23 07:30:00,19166.5,19173.0,19166.5,19173.0,38.512,738325.813
2022-10-23 07:31:00,19173.0,19173.0,19172.5,19173.0,19.226,368619.4325
2022-10-23 07:32:00,19173.0,19173.0,19172.5,19172.5,4.005,76787.6585
2022-10-23 07:33:00,19172.5,19173.0,19172.5,19173.0,2.331,44691.406
2022-10-23 07:34:00,19173.0,19173.0,19172.5,19172.5,1.523,29200.1875
2022-10-23 07:35:00,19172.5,19173.0,19172.5,19173.0,17.879,342786.628
2022-10-23 07:36:00,19173.0,19173.0,19172.5,19173.0,4.652,89192.3245
2022-10-23 07:37:00,19173.0,19173.0,19171.5,19172.0,26.966,516998.0855
2022-10-23 07:38:00,19172.0,19172.0,19171.5,19171.5,9.19,176186.9085
2022-10-23 07:39:00,19171.5,19172.0,19171.5,19171.5,11.93,228716.3655
2022-10-23 07:40:00,19171.5,19172.0,19171.5,19171.5,5.197,99634.3155
2022-10-23 07:41:00,19171.5,19172.0,19171.5,19172.0,2.276,43634.4355
2022-10-23 07:42:00,19172.0,19172.0,19171.5,19171.5,6.109,117120.5775
2022-10-23 07:43:00,19171.5,19172.0,19171.5,19171.5,4.137,79313.3105
2022-10-23 07:44:00,19171.5,19172.0,19171.5,19171.5,3.542,67907.086
2022-10-23 07:45:00,19171.5,19172.0,19171.5,19172.0,3.813,73101.085
2022-10-23 07:46:00,19172.0,19172.0,19171.5,19172.0,3.723,71376.317
2022-10-23 07:47:00,19172.0,19173.5,19171.5,19173.0,9.691,185800.625
2022-10-23 07:48:00,19173.0,19177.5,19173.0,19177.0,65.342,1252998.4155
2022-10-23 07:49:00,19177.0,19177.5,19177.0,19177.0,4.321,82865.831
2022-10-23 07:50:00,19177.0,19177.5,19177.0,19177.0,6.817,130732.618
2022-10-23 07:51:00,19177.0,19177.5,19177.0,19177.0,4.333,83095.476
2022-10-23 07:52:00,19177.0,19177.5,19177.0,19177.0,9.332,178963.901
2022-10-23 07:53:00,19177.0,19178.5,19177.0,19178.5,23.523,451123.8795
2022-10-23 07:54:00,19178.5,19178.5,19178.0,19178.0,7.781,149227.851
2022-10-23 07:55:00,19178.0,19182.5,19178.0,19182.0,42.37,812696.663
2022-10-23 07:56:00,19182.0,19182.5,19182.0,19182.0,22.061,423177.2375
2022-10-23 07:57:00,19182.0,19183.0,19182.0,19182.5,30.724,589359.846
2022-10-23 07:58:00,19182.5,19184.5,19182.5,19184.5,12.301,235984.997
2022-10-23 07:59:00,19184.5,19184.5,19184.0,19184.0,25.296,485290.9735
2022-10-23 08:00:00,19184.0,19184.5,19184.0,19184.0,7.328,140582.9745
2022-10-23 08:01:00,19184.0,19185.5,19184.0,19185.0,26.307,504710.8255
2022-10-23 08:02:00,19185.0,19185.5,19185.0,19185.0,10.422,199950.5445
2022-10-23 08:03:00,19185.0,19186.0,19185.0,19185.5,8.201,157340.9945
2022-10-23 08:04:00,19185.5,19186.0,19185.5,19185.5,7.503,143951.9965
2022-10-23 08:05:00,19185.5,19186.0,19185.5,19185.5,13.207,253389.0415
2022-10-23 08:06:00,19185.5,19186.0,19185.5,19186.0,13.59,260737.042
2022-10-23 08:07:00,19186.0,19186.0,19185.5,19185.5,3.26,62545.861
2022-10-23 08:08:00,19185.5,19187.5,19185.5,19187.0,14.398,276248.6975
2022-10-23 08:09:00,19187.0,19188.5,19187.0,19188.0,9.865,189291.4975
2022-10-23 08:10:00,19188.0,19188.5,19188.0,19188.0,9.351,179429.4745
2022-10-23 08:11:00,19188.0,19188.5,19188.0,19188.0,2.706,51923.6225
2022-10-23 08:12:00,19188.0,19188.5,19188.0,19188.0,4.985,95652.959
2022-10-23 08:13:00,19188.0,19188.5,19188.0,19188.0,14.614,280417.2495
2022-10-23 08:14:00,19188.0,19189.0,19188.0,19188.5,22.328,428441.3425
2022-10-23 08:15:00,19188.5,19192.0,19188.5,19191.5,60.556,1162091.9835
2022-10-23 08:16:00,19191.5,19192.0,19191.5,19191.5,35.538,682044.509
2022-10-23 08:17:00,19191.5,19192.0,19191.5,19192.0,2.538,48708.678
2022-10-23 08:18:00,19192.0,19199.5,19191.5,19199.0,122.186,2345493.586
2022-10-23 08:19:00,19199.0,19199.5,19199.0,19199.0,38.885,746567.665
2022-10-23 08:20:00,19199.0,19199.5,19194.5,19194.5,110.856,2128194.4275
2022-10-23 08:21:00,19194.5,19195.0,19194.5,19195.0,3.354,64378.7155
2022-10-23 08:22:00,19195.0,19195.0,19194.5,19194.5,19.793,379917.728
2022-10-23 08:23:00,19194.5,19195.0,19194.5,19194.5,8.946,171715.389
2022-10-23 08:24:00,19194.5,19195.0,19188.0,19188.5,59.622,1144187.358
2022-10-23 08:25:00,19188.5,19188.5,19188.0,19188.0,16.391,314516.1095
2022-10-23 08:26:00,19188.0,19188.5,19188.0,19188.0,4.625,88745.6735
2022-10-23 08:27:00,19188.0,19188.5,19188.0,19188.0,2.852,54725.2115
2022-10-23 08:28:00,19188.0,19188.5,19188.0,19188.0,1.016,19495.1025
2022-10-23 08:29:00,19188.0,19188.5,19188.0,19188.5,2.828,54263.833
2022-10-23 08:30:00,19188.5,19188.5,19188.0,19188.0,5.645,108316.695
2022-10-23 08:31:00,19188.0,19188.5,19188.0,19188.0,7.861,150838.9975
2022-10-23 08:32:00,19188.0,19188.5,19188.0,19188.5,16.06,308162.464
2022-10-23 08:33:00,19188.5,19188.5,19188.0,19188.0,6.181,118603.1555
2022-10-23 08:34:00,19188.0,19188.5,19188.0,19188.5,5.983,114802.387
2022-10-23 08:35:00,19188.5,19188.5,19188.0,19188.0,4.834,92756.6255
2022-10-23 08:36:00,19188.0,19188.5,19188.0,19188.0,4.526,86845.9315
2022-10-23 08:37:00,19188.0,19188.5,19188.0,19188.5,3.27,62745.8365
2022-10-23 08:38:00,19188.5,19188.5,19188.0,19188.5,5.422,104038.003
2022-10-23 08:39:00,19188.5,19188.5,19188.0,19188.5,5.239,100526.899
2022-10-23 08:40:00,19188.5,19188.5,19188.0,19188.5,2.648,50810.383
2022-10-23 08:41:00,19188.5,19188.5,19188.0,19188.0,1.046,20070.7275
2022-10-23 08:42:00,19188.0,19188.5,19188.0,19188.5,13.994,268517.7615
2022-10-23 08:43:00,19188.5,19188.5,19188.0,19188.0,3.332,63934.78
2022-10-23 08:44:00,19188.0,19188.5,19188.0,19188.5,2.438,46780.4785
2022-10-23 08:45:00,19188.5,19188.5,19188.0,19188.5,6.104,117124.14
2022-10-23 08:46:00,19188.5,19188.5,19188.0,19188.5,1.79,34346.8545
2022-10-23 08:47:00,19188.5,19188.5,19188.0,19188.0,1.031,19782.957
2022-10-23 08:48:00,19188.0,19188.5,19188.0,19188.0,9.091,174438.809
2022-10-23 08:49:00,19188.0,19188.5,19188.0,19188.5,7.17,137577.9885
2022-10-23 08:50:00,19188.5,19188.5,19188.0,19188.0,6.379,122401.825
2022-10-23 08:51:00,19188.0,19188.5,19188.0,19188.5,3.064,58793.0335
2022-10-23 08:52:00,19188.5,19188.5,19188.0,19188.5,5.726,109871.591
2022-10-23 08:53:00,19188.5,19188.5,19188.0,19188.5,6.519,125087.96
2022-10-23 08:54:00,19188.5,19188.5,19188.0,19188.5,1.408,27017.3005
2022-10-23 08:55:00,19188.5,19188.5,19188.0,19188.5,2.47,47394.575
2022-10-23 08:56:00,19188.5,19188.5,19188.0,19188.5,2.678,51386.232
2022-10-23 08:57:00,19188.5,19188.5,19185.0,19185.5,31.681,607858.4975
2022-10-23 08:58:00,19185.5,19185.5,19181.5,19182.0,51.393,985939.1775
2022-10-23 08:59:00,19182.0,19182.0,19181.5,19182.0,11.024,211457.5035
2022-10-23 09:00:00,19182.0,19182.0,19180.5,19181.0,6.06,116235.908
2022-10-23 09:01:00,19181.0,19181.0,19180.5,19180.5,7.882,151180.919
2022-10-23 09:02:00,19180.5,19181.0,19180.5,19181.0,13.303,255158.7975
2022-10-23 09:03:00,19181.0,19181.0,19180.5,19181.0,1.563,29979.3085
2022-10-23 09:04:00,19181.0,19181.0,19180.5,19181.0,0.252,4833.5615
2022-10-23 09:05:00,19181.0,19181.0,19180.5,19181.0,5.149,98760.8095
2022-10-23 09:06:00,19181.0,19181.0,19180.5,19181.0,1.548,29691.7755
2022-10-23 09:07:00,19181.0,19181.0,19180.5,19180.5,1.445,27715.8815
2022-10-23 09:08:00,19180.5,19181.0,19180.5,19181.0,3.405,65310.0035
2022-10-23 09:09:00,19181.0,19181.0,19180.5,19181.0,0.49,9398.487
2022-10-23 09:10:00,19181.0,19181.0,19180.5,19181.0,13.766,264039.286
2022-10-23 09:11:00,19181.0,19181.0,19180.5,19180.5,1.186,22748.2175
2022-10-23 09:12:00,19180.5,19181.0,19180.5,19181.0,14.565,279367.4585
2022-10-23 09:13:00,19181.0,19181.0,19180.5,19180.5,2.615,50157.735
2022-10-23 09:14:00,19180.5,19181.0,19180.5,19180.5,50.292,964626.0895
2022-10-23 09:15:00,19180.5,19181.0,19180.5,19180.5,4.284,82170.6435
2022-10-23 09:16:00,19180.5,19181.0,19180.5,19181.0,3.172,60841.509
2022-10-23 09:17:00,19181.0,19181.0,19180.5,19181.0,4.469,85719.4485
2022-10-23 09:18:00,19181.0,19181.0,19180.5,19181.0,3.097,59403.53
2022-10-23 09:19:00,19181.0,19182.0,19180.5,19181.5,89.087,1708760.699
