startTime,openPrice,highPrice,lowPrice,closePrice,volume,turnover
1704565800000,44007.8,44010,43984.8,44009.9,30.822,1356141.8027
1704565860000,44009.9,44055.8,43964.5,43966.7,387.725,17070338.9855
1704565920000,43966.7,43985.9,43966.6,43976.9,46.07,2025996.3089
1704565980000,43976.9,43989.7,43968,43968.3,19.08,839119.9693
1704566040000,43968.3,43980,43957.4,43977.9,16.245,714235.6152
1704566100000,43977.9,44010,43977.9,44003.1,41.316,1817837.3433
1704566160000,44003.1,44015.4,44003.1,44013.6,21.238,934716.0805
1704566220000,44013.6,44025,44010.7,44025,59.66,2626107.5555
1704566280000,44025,44046.9,44024,44029.3,92.429,4069957.1372
1704566340000,44029.3,44038.7,44029.3,44034,31.567,1390011.4503
1704566400000,44034,44080,44032.4,44078.8,87.937,3874421.1531
1704566460000,44078.8,44098,44057.3,44083.1,89.58,3948259.7474
1704566520000,44083.1,44083.2,44076.7,44076.8,30.552,1346731.2328
1704566580000,44076.8,44079.3,44052.4,44072,117.514,5178639.0724
1704566640000,44072,44072,44050.3,44050.3,34.907,1537974.285
1704566700000,44050.3,44084.5,44034.1,44065.9,74.691,3290698.7335
1704566760000,44065.9,44100,44062.1,44099.9,71.621,3157681.2237
1704566820000,44099.9,44110.3,44075,44096,184.98,8157345.3607
1704566880000,44096,44107.6,44085,44105.1,53.866,2375257.2493
1704566940000,44105.1,44147.9,44105,44126,164.643,7265175.6675
1704567000000,44126,44133,44116.7,44132.9,55.725,2458741.7333
1704567060000,44132.9,44148,44130,44144,42.534,1877592.8153
1704567120000,44144,44168.6,44111,44113.4,164.565,7265765.7652
1704567180000,44113.4,44113.4,44084.8,44091.8,45.191,1992707.1558
1704567240000,44091.8,44103.5,44025,44045.9,201.728,8887919.3775
1704567300000,44045.9,44065,44034.1,44064.9,42.707,1881236.5723
1704567360000,44064.9,44065,44010,44028.6,92.748,4083599.6584
1704567420000,44028.6,44039,44012.2,44038.9,39.526,1740131.108
1704567480000,44038.9,44052.8,44013.9,44026.3,82.939,3652563.4236
1704567540000,44026.3,44026.3,43980.1,44009.9,166.014,7304199.4167
1704567600000,44009.9,44020.6,44007.4,44019.8,26.727,1176371.3929
1704567660000,44019.8,44028,43979.7,43980.4,59.363,2611914.4923
1704567720000,43980.4,43991.3,43943.4,43943.5,86.989,3823627.5382
1704567780000,43943.5,43944.9,43934.2,43934.2,52.643,2313216.8197
1704567840000,43934.2,43986.5,43930,43980.4,72.801,3199522.6504
1704567900000,43980.4,43980.4,43942.7,43946,24.847,1092241.8801
1704567960000,43946,43978.4,43940.3,43971.4,37.641,1654919.1044
1704568020000,43971.4,43971.4,43958,43969.4,16.712,734727.5215
1704568080000,43969.4,43978,43958,43977.9,8.977,394686.8592
1704568140000,43977.9,43984.4,43962.7,43980.2,30.262,1330910.8588
1704568200000,43980.2,44004.1,43973.9,44003.2,24.281,1068240.8826
1704568260000,44003.2,44003.2,43990.2,43996.1,11.77,517848.5308
1704568320000,43996.1,44001.9,43984,43998.4,17.176,755607.5535
1704568380000,43998.4,43998.5,43988,43994.8,10.395,457303.692
1704568440000,43994.8,44000,43994.7,43996,10.034,441458.4867
1704568500000,43996,43996,43935.2,43943.9,47.286,2078198.4671
1704568560000,43943.9,43947.8,43919.4,43926.2,39.334,1727892.9356
1704568620000,43926.2,43956,43926.2,43951,14.731,647370.3738
1704568680000,43951,43951.1,43922,43924.2,30.339,1332924.813
1704568740000,43924.2,43924.2,43861.9,43872.2,236.173,10363682.3179
1704568800000,43872.2,43900,43872.2,43888,62.112,2725767.2609
1704568860000,43888,43907.6,43882.7,43901,44.935,1972545.8872
1704568920000,43901,43907.6,43896,43906.1,37.235,1634731.0693
1704568980000,43906.1,43906.7,43894,43897.8,13.073,573873.0992
1704569040000,43897.8,43903.7,43890.6,43903.7,35.979,1579440.3508
1704569100000,43903.7,43917.4,43888,43894.5,33.481,1469865.1671
1704569160000,43894.5,43894.6,43875.1,43884,18.818,825806.5712
1704569220000,43884,43899.4,43884,43899.3,21.976,964539.1277
1704569280000,43899.3,43904,43890.9,43901.2,11.648,511347.1263
1704569340000,43901.2,43901.6,43896,43898.1,5.291,232272.8913
1704569400000,43898.1,43898.1,43857.9,43864,49.652,2178245.407
1704569460000,43864,43887.5,43864,43873.4,32.947,1445633.5833
1704569520000,43873.4,43885.8,43866,43885.8,13.033,571785.6015
1704569580000,43885.8,43891.4,43872.4,43891.3,9.607,421586.6135
1704569640000,43891.3,43896.9,43891.3,43896.7,20.983,921031.6729
1704569700000,43896.7,43923,43892.1,43920,25.844,1134929.0001
1704569760000,43920,43920,43898,43900,20.196,886758.6969
1704569820000,43900,43913,43898,43911.9,8.245,362003.1962
1704569880000,43911.9,43912.7,43898.7,43912.7,20.697,908664.6255
1704569940000,43912.7,43915.1,43898.8,43898.8,22.503,988100.6285
1704570000000,43898.8,43910.1,43866.7,43866.7,44.593,1957032.4297
1704570060000,43866.7,43877.8,43866.7,43870.7,10.068,441730.1588
1704570120000,43870.7,43870.7,43832.6,43848.6,159.903,7010484.9355
1704570180000,43848.6,43869.7,43848.6,43869.7,16.407,719599.3108
1704570240000,43869.7,43882,43869.1,43880.7,17.411,763886.9778
1704570300000,43880.7,43881.8,43860,43880.4,14.561,638813.971
1704570360000,43880.4,43895.8,43880.4,43885.1,7.14,313380.7902
1704570420000,43885.1,43904,43885,43896.2,10.536,462517.8163
1704570480000,43896.2,43904,43896.1,43904,10.36,454809.0735
1704570540000,43904,43911.9,43895,43902.6,14.778,648839.1819
1704570600000,43902.6,43919.1,43897.5,43910,38.956,1710670.6816
1704570660000,43910,43910,43901.5,43907.4,5.775,253568.3845
1704570720000,43907.4,43922.3,43902.4,43915.2,32.955,1447106.686
1704570780000,43915.2,43919.9,43909.9,43910.6,11.683,513043.0909
1704570840000,43910.6,43910.6,43895.3,43903.6,52.962,2325068.1324
1704570900000,43903.6,43915.1,43903.6,43911.2,20.284,890680.3183
1704570960000,43911.2,43917.2,43903.2,43914.1,16.177,710316.0685
1704571020000,43914.1,43953.5,43914,43940.3,69.981,3074329.3227
1704571080000,43940.3,43940.3,43912.1,43918.1,13.558,595493.2752
1704571140000,43918.1,43918.1,43912,43914,4.257,186942.2865
1704571200000,43914,43940.6,43912.1,43940.6,33.159,1456507.4795
1704571260000,43940.6,43940.6,43932.4,43940.5,58.76,2581614.1969
1704571320000,43940.5,43950,43936.3,43950,27.383,1203227.4268
1704571380000,43950,43967.8,43949.9,43965.2,27.858,1224665.7729
1704571440000,43965.2,43967.6,43955.1,43962.1,50.876,2236614.7181
1704571500000,43962.1,43962.1,43927.5,43934,32.016,1407063.6591
1704571560000,43934,43934,43924,43927.8,7.572,332626.1162
1704571620000,43927.8,43927.9,43878,43878.1,93.606,4109192.8695
1704571680000,43878.1,43878.1,43861.2,43869.7,30.838,1352870.6843
1704571740000,43869.7,43869.8,43859.4,43868.8,37.13,1628715.0463
1704571800000,43868.8,43874.7,43864,43864,29.539,1295930.4388
1704571860000,43864,43868.1,43778.9,43795.9,347.509,15226518.0326
1704571920000,43795.9,43830,43795.9,43822,96.207,4215337.1051
1704571980000,43822,43822,43548.5,43741.4,1425.084,62245942.53
1704572040000,43741.4,43784.8,43740.1,43782.7,116.447,5096183.14
1704572100000,43782.7,43809.1,43760,43799.8,109.817,4808006.4732
1704572160000,43799.8,43815.7,43784.6,43815.7,67.76,2967928.203
1704572220000,43815.7,43831.2,43810.6,43826.6,54.374,2382800.2002
1704572280000,43826.6,43843,43817.5,43817.6,86.373,3785692.0865
1704572340000,43817.6,43837.8,43817.5,43837.8,19.728,864589.1227
1704572400000,43837.8,43854.1,43837.7,43854.1,20.053,879234.3455
1704572460000,43854.1,43873,43834.7,43859.6,79.058,3466899.7155
1704572520000,43859.6,43866.9,43839.3,43866.8,77.513,3399762.9579
1704572580000,43866.8,43888,43864.2,43882.1,50.659,2222671.1878
1704572640000,43882.1,43889.5,43869.8,43869.9,25.436,1116182.1408
1704572700000,43869.9,43875.1,43843.7,43858.6,58.383,2560393.3657
1704572760000,43858.6,43863,43857.2,43860.9,8.443,370312.2316
1704572820000,43860.9,43878,43858.6,43868.1,54.923,2409355.9324
1704572880000,43868.1,43874.3,43868.1,43868.1,7.537,330655.5412
1704572940000,43868.1,43874,43862.9,43873.9,5.521,242204.2688
1704573000000,43873.9,43908,43866.5,43899,25.465,1117682.1839
1704573060000,43899,43904.6,43898.9,43902,9.442,414511.5866
1704573120000,43902,43909.9,43898.5,43898.5,24.659,1082607.3177
1704573180000,43898.5,43898.5,43864.4,43883.6,116.186,5097774.6394
1704573240000,43883.6,43894,43883.5,43886,17.126,751633.4874
1704573300000,43886,43886.1,43865.1,43881.4,13.687,600470.0819
1704573360000,43881.4,43890.1,43866.2,43873.9,13.421,588971.6858
1704573420000,43873.9,43895,43873.8,43892.1,12.09,530623.7026
1704573480000,43892.1,43902.7,43890,43902.1,19.833,870657.9433
1704573540000,43902.1,43908.3,43900,43908.2,17.721,777966.3328
1704573600000,43908.2,43914,43906,43907,8.629,378890.8988
1704573660000,43907,43907,43860.1,43868.9,111.864,4908197.2344
1704573720000,43868.9,43868.9,43839.3,43857.9,37.14,1628624.3449
1704573780000,43857.9,43857.9,43826.2,43833.5,55.603,2437357.0006
1704573840000,43833.5,43862.8,43833.4,43862.8,22.169,971933.966
1704573900000,43862.8,43880.4,43843.7,43844.3,46.86,2055230.8096
1704573960000,43844.3,43847.3,43813.3,43817.9,28.339,1241998.2098
1704574020000,43817.9,43825.5,43791.1,43800.4,81.822,3584341.558
1704574080000,43800.4,43808,43786.2,43808,62.254,2726342.0664
1704574140000,43808,43833.9,43808,43816,140.138,6139897.5054
1704574200000,43816,43838.5,43811.9,43835.8,37.773,1655426.9424
1704574260000,43835.8,43835.8,43820.4,43825.6,5.893,258290.1547
1704574320000,43825.6,43830,43815.4,43826.3,18.781,823041.5112
1704574380000,43826.3,43826.3,43808,43817.1,9.54,418005.9247
1704574440000,43817.1,43837.7,43817.1,43837.7,12.054,528260.8157
1704574500000,43837.7,43837.7,43803.6,43818.6,24.393,1068868.6764
1704574560000,43818.6,43830,43818.6,43829.5,6.118,268093.0233
1704574620000,43829.5,43837,43823.6,43824.3,9.943,435825.6893
1704574680000,43824.3,43831.6,43823.7,43823.7,13.763,603195.9576
1704574740000,43823.7,43826,43823.6,43825.6,2.972,130249.5922
1704574800000,43825.6,43833.8,43782,43782,23.897,1046991.8887
1704574860000,43782,43794.7,43747.3,43762.5,80.128,3507427.2559
1704574920000,43762.5,43783.4,43762.4,43781.9,20.259,886776.0956
1704574980000,43781.9,43783.1,43755.4,43765.9,16.591,726120.2236
1704575040000,43765.9,43777.8,43760.2,43775.6,14.86,650400.5843
1704575100000,43775.6,43780,43714.2,43772.9,95.816,4190841.7115
1704575160000,43772.9,43772.9,43746.1,43759.9,30.163,1319847.5731
1704575220000,43759.9,43770,43752.8,43769.9,37.796,1654067.7474
1704575280000,43769.9,43784,43765.9,43778.6,21.741,951744.9661
1704575340000,43778.6,43809.9,43769.6,43809.8,50.126,2194781.8918
1704575400000,43809.8,43809.9,43794.9,43805,10.708,469046.0964
1704575460000,43805,43811,43785.5,43805.4,38.629,1692126.52
1704575520000,43805.4,43810.4,43798.1,43803.9,7.457,326641.2535
1704575580000,43803.9,43820.7,43800.7,43816,92.21,4039832.0676
1704575640000,43816,43845,43816,43842.9,13.939,611086.08
1704575700000,43842.9,43866.7,43842.9,43866,60.507,2653646.2685
1704575760000,43866,43869,43845.2,43860,17.472,766230.5812
1704575820000,43860,43865.4,43858,43862.9,6.556,287563.8288
1704575880000,43862.9,43869,43855.2,43857.9,18.169,796921.5655
1704575940000,43857.9,43869.9,43857.1,43857.1,14.536,637561.646
1704576000000,43857.1,43876.4,43852.1,43873.6,11.828,518859.6287
1704576060000,43873.6,43884.6,43868.7,43877.7,50.822,2229933.2458
1704576120000,43877.7,43904,43877.7,43894.3,34.637,1520404.3937
1704576180000,43894.3,43925.3,43894.2,43908.2,72.153,3168447.8208
1704576240000,43908.2,43908.2,43867.3,43870.5,28.314,1242556.5832
1704576300000,43870.5,43876.2,43855.4,43855.4,11.589,508416.215
1704576360000,43855.4,43873.2,43855.4,43862.9,7.465,327415.1923
1704576420000,43862.9,43875.8,43862.9,43875.7,11.711,513797.0004
1704576480000,43875.7,43884.2,43875.7,43880.1,6.251,274302.5579
1704576540000,43880.1,43889.6,43880,43886.6,7.417,325481.1962
1704576600000,43886.6,43900,43884.9,43894.4,20.362,893761.4416
1704576660000,43894.4,43912,43894.3,43896,20.572,903170.7676
1704576720000,43896,43900.7,43864,43864,8.431,369976.8702
1704576780000,43864,43949.4,43858,43931.7,170.997,7506457.5952
1704576840000,43931.7,43931.7,43911.6,43911.6,14.449,634655.0581
1704576900000,43911.6,43911.7,43896.4,43896.5,6.071,266540.5242
1704576960000,43896.5,43896.5,43866,43870,27.73,1216873.5515
1704577020000,43870,43876,43858.6,43860.6,14.838,650860.3339
1704577080000,43860.6,43863.3,43816.3,43832,69.546,3049059.4411
1704577140000,43832,43844.1,43831,43844,29.108,1276022.323
1704577200000,43844,43875.7,43844,43867.7,35.562,1559710.4846
1704577260000,43867.7,43867.7,43846.3,43852,7.218,316601.6089
1704577320000,43852,43862.3,43852,43858.1,6.04,264884.9631
1704577380000,43858.1,43871,43856.9,43867.3,9.683,424713.3755
1704577440000,43867.3,43893.7,43864.8,43880,23.174,1016805.6895
1704577500000,43880,43910.1,43879.9,43910,14.712,645878.6314
1704577560000,43910,43942.5,43908.2,43909.3,57.604,2530233.7907
1704577620000,43909.3,43909.4,43898.3,43898.4,12.118,532023.9687
1704577680000,43898.4,43898.4,43885.1,43888,51.36,2254158.4873
1704577740000,43888,43888,43886,43886,0.939,41208.984
1704577800000,43886,43899.4,43886,43891.4,22.095,969772.944
1704577860000,43891.4,43892,43851.6,43860.3,63.323,2777602.3041
1704577920000,43860.3,43890,43860.2,43865.6,31.135,1366146.0586
1704577980000,43865.6,43865.7,43841.6,43846.8,38.772,1700139.6038
1704578040000,43846.8,43863.6,43829.9,43863.6,44.626,1956674.4302
1704578100000,43863.6,43867.1,43850.2,43867.1,47.152,2067922.1724
1704578160000,43867.1,43877.5,43867.1,43873,8.033,352428.4183
1704578220000,43873,43910,43872.8,43898.9,41.408,1817598.1599
1704578280000,43898.9,43899,43889.9,43895.8,32.731,1436652.4887
1704578340000,43895.8,43895.8,43886,43893.5,41.032,1800897.9636
1704578400000,43893.5,43897.9,43885.6,43891.7,32.787,1439072.9953
1704578460000,43891.7,43895.5,43885,43890.9,12.675,556309.7021
1704578520000,43890.9,43895.5,43887.8,43892.7,8.067,354087.0111
1704578580000,43892.7,43895,43873.6,43879.4,11.364,498675.045
1704578640000,43879.4,43894.7,43879.3,43881.8,8.377,367633.9194
1704578700000,43881.8,43881.9,43864.8,43867.6,18.714,820954.6438
1704578760000,43867.6,43869.9,43851.9,43858.1,34.542,1515114.3017
1704578820000,43858.1,43867.1,43858.1,43864,9.606,421375.5443
1704578880000,43864,43900.6,43858,43892.6,36.224,1589731.8088
1704578940000,43892.6,43892.6,43869.4,43869.5,29.137,1278467.0279
1704579000000,43869.5,43869.5,43853,43853,8.911,390837.5214
1704579060000,43853,43887.2,43853,43872.5,42.259,1853798.5211
1704579120000,43872.5,43881.2,43870,43880.8,8.309,364589.7166
1704579180000,43880.8,43880.8,43859.9,43864.3,14.274,626145.6377
1704579240000,43864.3,43879.4,43864.2,43878.1,5.016,220055.813
1704579300000,43878.1,43881.2,43857.9,43858,24.981,1095907.7012
1704579360000,43858,43860.2,43855.7,43860.1,4.759,208723.4477
1704579420000,43860.1,43873.7,43860,43871.9,7.638,335048.4934
1704579480000,43871.9,43914.3,43871.8,43899.1,40.016,1756651.9006
1704579540000,43899.1,43930,43891.1,43921.1,44.797,1967251.7725
1704579600000,43921.1,43921.1,43899.2,43899.2,13.008,571215.5683
1704579660000,43899.2,43899.3,43847.4,43847.6,55.31,2426640.7897
1704579720000,43847.6,43854.4,43824,43854.4,78.251,3430280.8642
1704579780000,43854.4,43866,43850,43857,18.972,832040.4938
1704579840000,43857,43866,43856.8,43857.1,14.699,644725.9805
1704579900000,43857.1,43857.2,43824,43825.9,40.197,1762083.5186
1704579960000,43825.9,43826,43770.6,43800,107.674,4715256.1834
1704580020000,43800,43861.4,43800,43834.2,74.833,3280458.3302
1704580080000,43834.2,43860.8,43834.2,43845,19.412,851229.0211
1704580140000,43845,43852.9,43838,43838,3.602,157944.2642
1704580200000,43838,43838.1,43814,43814,6.39,280063.3745
1704580260000,43814,43817.7,43806.3,43817.7,34.424,1508068.3061
1704580320000,43817.7,43817.7,43810.4,43816,7.701,337415.2494
1704580380000,43816,43816,43810.1,43810.1,4.195,183799.3338
1704580440000,43810.1,43810.2,43790.9,43790.9,26.867,1176926.686
1704580500000,43790.9,43818.1,43739.7,43818.1,107.418,4701348.6137
1704580560000,43818.1,43818.5,43797.1,43802,10.237,448468.1099
1704580620000,43802,43821.2,43799.4,43821.2,9.786,428764.5953
1704580680000,43821.2,43821.2,43813.9,43815,7.088,310584.8523
1704580740000,43815,43826.5,43814.9,43826.5,7.016,307444.2974
1704580800000,43826.5,43920,43826.4,43908.7,116.224,5099952.2213
1704580860000,43908.7,43912.9,43887.4,43903.3,33.315,1462478.9833
1704580920000,43903.3,43908.3,43896.9,43896.9,18.024,791345.4452
1704580980000,43896.9,43897,43888.5,43889,10.923,479448.4066
1704581040000,43889,43889.1,43803,43803,64.143,2812542.6171
1704581100000,43803,43816.9,43800,43816.8,24.591,1077303.5167
1704581160000,43816.8,43829.7,43816.8,43829.6,4.759,208555.4456
1704581220000,43829.6,43830,43829.6,43829.9,2.158,94585.0521
1704581280000,43829.9,43830,43829.9,43830,2.242,98266.7275
1704581340000,43830,43840,43829.9,43839.9,27.973,1226082.9866
1704581400000,43839.9,43850.4,43839.9,43850.3,3.303,144825.5851
1704581460000,43850.3,43853.3,43850.3,43851,0.847,37142.3509
1704581520000,43851,43851,43827.8,43827.8,3.226,141414.6668
1704581580000,43827.8,43827.9,43827.8,43827.9,1.491,65347.2683
1704581640000,43827.9,43827.9,43827.8,43827.8,2.858,125259.9361
1704581700000,43827.8,43827.9,43827.8,43827.9,1.557,68239.8988
1704581760000,43827.9,43840.7,43827.8,43840.7,2.498,109491.5887
1704581820000,43840.7,43894.4,43840.6,43894.4,41.972,1841590.9664
1704581880000,43894.4,43894.4,43855,43855,8.176,358822.7173
1704581940000,43855,43884,43855,43882,9.034,396315.9988
1704582000000,43882,43885.2,43850.5,43850.6,17.88,784448.4736
1704582060000,43850.6,43859.5,43838.2,43842.1,6.209,272240.3459
1704582120000,43842.1,43861.6,43842.1,43861.5,1.472,64552.6657
1704582180000,43861.5,43861.5,43814,43814,12.949,567527.7582
1704582240000,43814,43827.9,43772.7,43806.1,65.697,2877516.9712
1704582300000,43806.1,43808.9,43785.8,43808.9,29.726,1301887.8294
1704582360000,43808.9,43826,43794.3,43802.2,19.46,852448.9349
1704582420000,43802.2,43811.9,43775,43775,21.321,933728.2063
1704582480000,43775,43780,43750.3,43765.4,41.233,1804509.2045
1704582540000,43765.4,43765.4,43734.9,43754,79.924,3496594.0854
1704582600000,43754,43811.7,43753.9,43791.4,54.846,2401567.9968
1704582660000,43791.4,43802.7,43768.5,43800.1,45.673,1999795.3505
1704582720000,43800.1,43804.8,43784,43803.1,6.069,265783.8138
1704582780000,43803.1,43806,43788.6,43805.1,7.201,315375.1895
1704582840000,43805.1,43808,43796.7,43800.7,5.433,237970.8367
1704582900000,43800.7,43800.7,43772,43787,10.98,480788.0175
1704582960000,43787,43787,43722.5,43776.6,131.903,5769775.5757
1704583020000,43776.6,43820,43773.8,43817.3,53.651,2349949.5379
1704583080000,43817.3,43837,43817.3,43835.9,24.022,1052896.0529
1704583140000,43835.9,43844.9,43823.2,43823.2,18.803,824240.5691
1704583200000,43823.2,43839,43823.2,43838.6,10.621,465563.9982
1704583260000,43838.6,43844,43812.7,43826.2,19.401,850474.1774
1704583320000,43826.2,43830,43818,43818,4.662,204312.356
1704583380000,43818,43823.7,43812,43815.7,14.46,633614.1591
1704583440000,43815.7,43815.8,43793.2,43807.9,56.982,2496258.0367
1704583500000,43807.9,43827.9,43804.4,43827.9,8.219,360088.8038
1704583560000,43827.9,43834.3,43823.2,43829.8,8.644,378873.9018
1704583620000,43829.8,43834.9,43818.6,43828.8,5.242,229732.4121
1704583680000,43828.8,43837.5,43828.8,43832.6,5.048,221276.5576
1704583740000,43832.6,43844,43831.1,43840,15.543,681355.3454
1704583800000,43840,43840,43831,43834.3,6.947,304522.1143
1704583860000,43834.3,43850,43834.2,43850,17.288,757920.1153
1704583920000,43850,43897.1,43850,43871.4,107.201,4703562.2212
1704583980000,43871.4,43887.3,43868.2,43876.2,34.07,1494831.07
1704584040000,43876.2,43880.5,43868.2,43880.5,5.105,223985.6929
1704584100000,43880.5,43880.6,43872.4,43880.5,6.8,298380.6537
1704584160000,43880.5,43880.6,43876.9,43880,17.841,782856.3144
1704584220000,43880,43884,43879.7,43879.7,8.432,370006.6155
1704584280000,43879.7,43907.8,43879.6,43906.2,50.11,2199601.6483
1704584340000,43906.2,43909.8,43895.7,43895.8,45.683,2005677.6921
1704584400000,43895.8,43901.9,43878.5,43878.5,18.721,821757.6286
1704584460000,43878.5,43888,43870.4,43886,15.942,699525.7676
1704584520000,43886,43887.3,43881.6,43881.6,1.272,55819.8455
1704584580000,43881.6,43889.7,43881.6,43889.7,5.527,242557.6803
1704584640000,43889.7,43897.4,43889.6,43896.6,9.026,396157.5024
1704584700000,43896.6,43909.9,43896.5,43906,20.345,893273.4769
1704584760000,43906,43923.6,43905.8,43918.2,30.197,1326019.2241
1704584820000,43918.2,43929,43918.1,43929,11.786,517698.0898
1704584880000,43929,43940.8,43927.1,43940.8,35.113,1542663.7362
1704584940000,43940.8,43943.2,43940.7,43943.1,13.276,583374.5626
1704585000000,43943.1,43943.1,43922.5,43932,19.667,864086.7365
1704585060000,43932,43941.9,43928.5,43928.5,7.771,341436.0358
1704585120000,43928.5,43931.9,43920,43920,11.762,516620.608
1704585180000,43920,43941.7,43916,43935.8,16.046,704862.6824
1704585240000,43935.8,43947,43935.8,43947,15.052,661398.5143
1704585300000,43947,43962.1,43946.9,43959.1,55.251,2428522.9067
1704585360000,43959.1,43992.5,43956,43987.2,75.579,3323587.7447
1704585420000,43987.2,43987.3,43956.7,43956.7,28.045,1233105.1919
1704585480000,43956.7,43975.1,43956.7,43966,12.969,570162.9963
1704585540000,43966,43986.4,43957.3,43972.4,52.441,2305913.4461
1704585600000,43972.4,43994,43972.3,43976.5,51.135,2249365.6031
1704585660000,43976.5,43996.3,43951,43991.8,58.344,2565476.0005
1704585720000,43991.8,43996,43970.9,43977.9,22.645,996034.016
1704585780000,43977.9,43978.5,43962.3,43962.3,22.025,968467.0915
1704585840000,43962.3,43989.7,43962.3,43975.7,15.932,700634.7326
1704585900000,43975.7,43983.4,43966.3,43979.6,8.274,363867.5283
1704585960000,43979.6,43982.9,43969,43980.1,6.784,298324.4824
1704586020000,43980.1,43984,43973.4,43975.9,8.136,357793.5437
1704586080000,43975.9,43976.3,43962.6,43967.1,16.407,721330.4079
1704586140000,43967.1,43972.1,43960,43963.8,39.192,1723053.7803
1704586200000,43963.8,43973.6,43963.8,43964.4,6.028,265044.9857
1704586260000,43964.4,43973.4,43964.3,43969.7,7.065,310641.0343
1704586320000,43969.7,43972,43969.7,43970.1,5.384,236738.93
1704586380000,43970.1,43971.1,43952.3,43971.1,28.898,1270358.3481
1704586440000,43971.1,43971.7,43966.9,43971.6,33.403,1468707.4888
1704586500000,43971.6,44059.8,43971.6,44026.1,308.023,13560611.1991
1704586560000,44026.1,44029.6,43985.3,43989.1,87.401,3846237.3073
1704586620000,43989.1,44007.5,43989.1,44001.8,12.548,552099.0891
1704586680000,44001.8,44010.7,44001.8,44010,16.279,716392.621
1704586740000,44010,44020,43984.7,44003.9,44.418,1954473.6222
1704586800000,44003.9,44013.2,43998,44009.3,103.63,4560385.5131
1704586860000,44009.3,44016.8,43999.9,44015.3,123.303,5426072.059
1704586920000,44015.3,44015.3,44002.6,44012.7,29.348,1291516.2277
1704586980000,44012.7,44014,44006.3,44009.9,15.791,694957.4143
1704587040000,44009.9,44019.9,44009.9,44017.3,35.275,1552717.4991
1704587100000,44017.3,44037.5,44017.3,44023.2,19.592,862576.9769
1704587160000,44023.2,44023.2,43988,44003.9,38.058,1674672.5494
1704587220000,44003.9,44003.9,43987.7,43994.2,20.383,896716.068
1704587280000,43994.2,43994.2,43937.5,43939.8,87.279,3836826.5071
1704587340000,43939.8,43980.1,43914.4,43972,131.709,5788743.0695
1704587400000,43972,44010,43964,44009.9,105.798,4654879.4678
1704587460000,44009.9,44039.5,44009.9,44039.5,79.728,3510010.9752
1704587520000,44039.5,44050,44002.2,44002.2,29.833,1313798.8494
1704587580000,44002.2,44033.1,44002.2,44031.8,36.985,1627901.8271
1704587640000,44031.8,44031.8,44019.9,44029.7,10.519,463121.4202
1704587700000,44029.7,44043.1,44029.7,44034.8,26.173,1152595.6538
1704587760000,44034.8,44099.8,44034.8,44062.9,195.154,8601044.3673
1704587820000,44062.9,44090.7,44058,44086.5,77.266,3405682.7348
1704587880000,44086.5,44233.2,44082.7,44142.8,629.599,27804024.1083
1704587940000,44142.8,44221.1,44132.3,44165.4,411.868,18196787.6228
1704588000000,44165.4,44192.2,44151.4,44186,86.715,3830149.7194
1704588060000,44186,44186.9,44160,44171.8,60.821,2686760.6032
1704588120000,44171.8,44179.9,44144.2,44177.4,87.022,3842400.6059
1704588180000,44177.4,44178.2,44161,44161,19.742,872078.5072
1704588240000,44161,44175,44156.2,44171.8,99.497,4394249.1904
1704588300000,44171.8,44180.4,44158.2,44168.1,38.165,1685727.9293
1704588360000,44168.1,44173.9,44156.2,44156.2,13.531,597621.849
1704588420000,44156.2,44169.6,44156.2,44169.6,18.122,800337.4668
1704588480000,44169.6,44206,44160.1,44202.1,54.652,2414939.8179
1704588540000,44202.1,44285,44194.8,44243.5,291.589,12901766.9052
1704588600000,44243.5,44274.4,44225.4,44271.4,93.999,4159368.3387
1704588660000,44271.4,44271.4,44207.2,44249.7,162.695,7195613.4559
1704588720000,44249.7,44249.8,44218.5,44231.5,76.603,3388613.8369
1704588780000,44231.5,44237,44225.8,44232,24.111,1066511.6434
1704588840000,44232,44233.7,44185.9,44204.8,103.077,4557017.2855
1704588900000,44204.8,44204.9,44159.1,44166.5,44.351,1959516.9168
1704588960000,44166.5,44175.6,44166.4,44168.8,13.658,603281.4799
1704589020000,44168.8,44168.8,44123.7,44137,75.709,3341900.5798
1704589080000,44137,44148,44137,44140.2,26.441,1167215.5469
1704589140000,44140.2,44140.2,44120.3,44129.2,61.626,2719393.3111
1704589200000,44129.2,44171.4,44127,44127,55.2,2437059.4654
1704589260000,44127,44127.1,44088,44088,145.038,6396265.7363
1704589320000,44088,44093.9,44053.9,44077.9,93.61,4125751.9161
1704589380000,44077.9,44101.1,44069.2,44096,57.694,2543442.6705
1704589440000,44096,44107.8,44085.4,44100.9,49.967,2203530.8293
1704589500000,44100.9,44145.2,44100.9,44117.7,134.228,5923494.6013
1704589560000,44117.7,44117.7,44079.2,44109.3,69.26,3053862.5054
1704589620000,44109.3,44111,44090.4,44100.7,10.533,464517.7454
1704589680000,44100.7,44108.3,44096.7,44108.3,20.713,913447.7919
1704589740000,44108.3,44144.4,44108.3,44133.9,36.235,1598861.5396
1704589800000,44133.9,44163.8,44122.1,44160.3,28.96,1278520.8233
1704589860000,44160.3,44162.2,44149.3,44162.1,26.306,1161599.1275
1704589920000,44162.1,44163.8,44136.7,44147.9,94.969,4192340.8948
1704589980000,44147.9,44150,44136.5,44146.7,19.126,844320.8498
1704590040000,44146.7,44153.3,44138,44145.5,7.981,352295.0376
1704590100000,44145.5,44170,44145.5,44159.8,12.205,539000.9856
1704590160000,44159.8,44159.9,44138.1,44147.7,17.751,783715.0688
1704590220000,44147.7,44147.8,44112,44124.9,27.93,1232362.4996
1704590280000,44124.9,44129.8,44081.1,44091.3,36.242,1598386.6376
1704590340000,44091.3,44092.2,44062.5,44087,24.041,1059641.5616
1704590400000,44087,44100,44075.8,44075.8,22.902,1009800.5698
1704590460000,44075.8,44075.8,44051.7,44054.9,19.03,838467.0948
1704590520000,44054.9,44089.6,44043,44089.5,23.115,1018354.5262
1704590580000,44089.5,44089.6,44070.8,44082.3,16.417,723612.6921
1704590640000,44082.3,44082.3,44061.3,44078,6.216,273952.2207
1704590700000,44078,44081.9,44067.3,44075.9,13.032,574364.3884
1704590760000,44075.9,44085,44075.9,44082.3,12.728,561065.7857
1704590820000,44082.3,44089.7,44068.1,44076,19.819,873642.6522
1704590880000,44076,44087.6,44076,44087.6,4.044,178265.0671
1704590940000,44087.6,44087.6,44076.7,44087.5,4.13,182072.2548
1704591000000,44087.5,44091.6,44080.1,44091.5,8.557,377264.9735
1704591060000,44091.5,44091.6,44040,44044.7,58.568,2579970.3138
1704591120000,44044.7,44044.7,44022.2,44038.9,68.301,3007410.1828
1704591180000,44038.9,44045.8,44031.9,44034.7,26.582,1170662.2468
1704591240000,44034.7,44039,44022.3,44024.8,44.8,1972547.4095
1704591300000,44024.8,44075.8,44022.3,44073.2,67.742,2984282.4648
1704591360000,44073.2,44080.4,44060,44080.4,40.892,1802088.6695
1704591420000,44080.4,44100,44075.3,44099.9,29.504,1300735.6822
1704591480000,44099.9,44105.9,44090.2,44094.7,11.065,487931.4497
1704591540000,44094.7,44100,44092.5,44092.6,12.115,534230.1079
1704591600000,44092.6,44105.9,44092.5,44095.9,10.832,477667.9559
1704591660000,44095.9,44101.9,44094.3,44096.1,3.767,166120.6923
1704591720000,44096.1,44103.5,44087.2,44090.1,5.549,244667.9863
1704591780000,44090.1,44090.1,44066.4,44073.7,18.768,827142.1512
1704591840000,44073.7,44075.7,44070.3,44075.6,2.332,102781.6973
1704591900000,44075.6,44114.2,44074.2,44081.9,71.142,3136904.0611
1704591960000,44081.9,44082,44065.3,44065.3,16.091,709171.3804
1704592020000,44065.3,44065.3,44049.2,44062,6.578,289786.4025
1704592080000,44062,44062,44033.7,44033.7,15.852,698251.3709
1704592140000,44033.7,44043.9,44025,44043.9,7.946,349924.3658
1704592200000,44043.9,44057.5,44043.9,44053.9,18.798,828132.2174
1704592260000,44053.9,44060,44046.8,44048.1,6.994,308114.6872
1704592320000,44048.1,44049.2,44032,44033.9,4.869,214441.5332
1704592380000,44033.9,44042.6,44033.9,44039,5.22,229898.8179
1704592440000,44039,44041.2,44030,44030.3,5.714,251595.2354
1704592500000,44030.3,44030.4,44003.4,44009.4,52.703,2319700.6103
1704592560000,44009.4,44034.9,44009.4,44021.6,23.813,1048402.4381
1704592620000,44021.6,44021.7,43994.4,43994.4,66.92,2944458.5166
1704592680000,43994.4,43998,43966.9,43975.9,140.18,6165311.7147
1704592740000,43975.9,43986.9,43966.6,43970.8,82.934,3647210.3285
1704592800000,43970.8,43994.5,43967,43993.2,17.047,749794.9978
1704592860000,43993.2,44022.4,43993.1,44022.3,32.79,1442976.3194
1704592920000,44022.3,44039.1,44022.3,44034.3,53.33,2347983.0723
1704592980000,44034.3,44034.3,44011.6,44020.1,18.378,809014.0878
1704593040000,44020.1,44042.4,44015.6,44022,52.294,2302551.2475
1704593100000,44022,44064.2,44022,44056.2,26.075,1148429.4235
1704593160000,44056.2,44077.3,44056.2,44069.9,24.939,1099061.5083
1704593220000,44069.9,44076.9,44069.5,44076.9,12.266,540584.0099
1704593280000,44076.9,44079.1,44075.9,44079.1,25.115,1107003.5332
1704593340000,44079.1,44089.3,44062.7,44062.8,39.722,1750888.555
1704593400000,44062.8,44069.4,44053.3,44053.3,20.635,909213.501
1704593460000,44053.3,44053.4,44044.8,44044.8,10.09,444478.6474
1704593520000,44044.8,44051.4,44044.8,44051.4,16.626,732337.877
1704593580000,44051.4,44064.3,44050.5,44050.6,10.531,463937.5896
1704593640000,44050.6,44055.8,44043.8,44043.8,20.073,884208.5093
1704593700000,44043.8,44073.4,44032,44073.4,16.388,721936.3344
1704593760000,44073.4,44076.2,44073.4,44076.2,3.013,132798.9592
1704593820000,44076.2,44100,44076.1,44097.4,61.843,2726824.0918
1704593880000,44097.4,44097.4,44078,44078.1,13.017,573920.1036
1704593940000,44078.1,44081.7,44077,44081.5,12.686,559198.0895
1704594000000,44081.5,44094.6,44077.5,44078.6,22.75,1002943.4065
1704594060000,44078.6,44081.9,44066.9,44072.1,6.27,276340.7932
1704594120000,44072.1,44072.1,44065,44071.3,10.409,458717.7869
1704594180000,44071.3,44093.9,44068.1,44093.9,5.894,259817.7965
1704594240000,44093.9,44100,44090,44090,8.732,385043.0184
1704594300000,44090,44093.5,44064.6,44075.6,26.591,1172126.2512
1704594360000,44075.6,44075.7,44048.4,44053.3,44.556,1963111.967
1704594420000,44053.3,44064,44053.3,44063.9,5.825,256650.809
1704594480000,44063.9,44071.2,44054,44054,9.195,405174.2401
1704594540000,44054,44054.4,44048,44053.5,3.949,173958.4554
1704594600000,44053.5,44067.8,44047.3,44050.9,3.675,161911.7166
1704594660000,44050.9,44051,44037.3,44050,15.804,696085.6718
1704594720000,44050,44050,44030,44030.1,11.841,521428.6377
1704594780000,44030.1,44030.1,44018.6,44018.6,13.273,584362.214
1704594840000,44018.6,44021.8,44018.6,44018.8,6.289,276834.6909
1704594900000,44018.8,44018.9,44018,44018.1,5.753,253239.6576
1704594960000,44018.1,44018.1,43925.8,43956,224.573,9872364.0697
1704595020000,43956,43956,43923.5,43925.7,82.415,3620998.4664
1704595080000,43925.7,43935,43915.1,43915.2,84.124,3695130.4029
1704595140000,43915.2,43915.3,43840.8,43855.9,425.003,18649217.3354
1704595200000,43855.9,43938.8,43855.9,43916.4,170.29,7478389.1962
1704595260000,43916.4,43958,43916.4,43957.9,121.909,5357815.8871
1704595320000,43957.9,43960.6,43942,43960.6,56.411,2479641.5271
1704595380000,43960.6,43973,43926.9,43933,43.663,1918908.5414
1704595440000,43933,43945.9,43930.3,43945.4,16.726,734862.499
1704595500000,43945.4,43955.9,43910.1,43916.1,74.248,3261365.0961
1704595560000,43916.1,43919.1,43894,43898.4,76.864,3374729.346
1704595620000,43898.4,43898.5,43857.5,43870.2,97.466,4276183.1176
1704595680000,43870.2,43912,43870.2,43910,42.67,1873220.1167
1704595740000,43910,43910,43868,43888.8,30.933,1357410.5471
1704595800000,43888.8,43930.1,43887.1,43930.1,68.912,3025872.7989
1704595860000,43930.1,43938.5,43907.8,43915.1,48.345,2123578.0123
1704595920000,43915.1,43933.9,43915.1,43932.8,83.363,3661867.6448
1704595980000,43932.8,43946.7,43930.6,43941.8,36.863,1619720.4595
1704596040000,43941.8,43975,43938.1,43948.4,171.27,7528129.5213
1704596100000,43948.4,43964,43944.8,43944.9,30.945,1360163.509
1704596160000,43944.9,43947.8,43938.6,43947.4,11.671,512882.202
1704596220000,43947.4,43947.4,43937.8,43943,12.369,543499.5719
1704596280000,43943,43944.9,43935.9,43935.9,7.887,346539.218
1704596340000,43935.9,43943.1,43935.9,43940.6,6.765,297258.0413
1704596400000,43940.6,43968,43936.8,43962.1,48.407,2127689.3131
1704596460000,43962.1,43962.1,43948.2,43954.5,6.001,263770.3176
1704596520000,43954.5,43968.6,43954.5,43966.5,25.601,1125530.4063
1704596580000,43966.5,43995.5,43958,43995.4,82.302,3619371.9073
1704596640000,43995.4,43997.5,43986.7,43997.5,21.778,958030.0727
1704596700000,43997.5,43997.8,43990,43994.4,23.974,1054734.2747
1704596760000,43994.4,43994.4,43990,43990.1,7.108,312700.1469
1704596820000,43990.1,44008.3,43990,44008.3,56.445,2483620.2703
1704596880000,44008.3,44008.4,44003.5,44003.6,15.857,697823.978
1704596940000,44003.6,44008.2,44002,44008.1,29.818,1312121.4417
1704597000000,44008.1,44008.1,43996,43996.1,11.61,510882.5791
1704597060000,43996.1,43999.6,43996,43998.5,4.135,181926.2774
1704597120000,43998.5,44009.1,43998.5,44008.7,18.949,833845.6653
1704597180000,44008.7,44015.3,44002.8,44015.3,32.509,1430719.2707
1704597240000,44015.3,44015.3,44001.5,44001.6,10.209,449263.0346
1704597300000,44001.6,44001.6,43994.4,43995.1,10.067,442925.2062
1704597360000,43995.1,44009.9,43995,44009.8,2.373,104424.2245
1704597420000,44009.8,44036.3,44009.8,44036.3,9.715,427713.4928
1704597480000,44036.3,44039.7,44036.2,44039.7,4.701,207020.6155
1704597540000,44039.7,44045.4,44019.6,44036.9,54.143,2384075.5889
1704597600000,44036.9,44036.9,44016.9,44017,8.3,365406.5061
1704597660000,44017,44017,44003.4,44008,25.405,1118062.6867
1704597720000,44008,44008.1,44003.9,44004.1,3.596,158242.6471
1704597780000,44004.1,44004.1,43990,43990,33.08,1455418.072
1704597840000,43990,44008,43990,43996.8,9.708,427135.2768
1704597900000,43996.8,43996.9,43978.8,43978.8,14.654,644556.6695
1704597960000,43978.8,43982.7,43963.4,43978.5,23.237,1021768.9793
1704598020000,43978.5,43990.3,43968.4,43968.4,59.784,2629306.9041
1704598080000,43968.4,43975.8,43966,43970.3,9.621,423036.4062
1704598140000,43970.3,43970.3,43960,43966,14.034,616999.7908
1704598200000,43966,43975.9,43955,43955,17.22,757082.6716
1704598260000,43955,43965.9,43950,43962,23.761,1044420.8567
1704598320000,43962,43963.9,43950,43963,3.146,138296.6365
1704598380000,43963,43963.1,43931.1,43931.1,62.913,2764320.1062
1704598440000,43931.1,43931.1,43911,43926.1,51.043,2241886.8627
1704598500000,43926.1,43947.6,43926,43940,61.685,2710392.449
1704598560000,43940,43947.7,43936.2,43947.1,6.831,300165.848
1704598620000,43947.1,43957.1,43946.7,43949.1,5.118,224941.6851
1704598680000,43949.1,43950.6,43944,43949,6.151,270316.2187
1704598740000,43949,43959.1,43940,43959.1,3.446,151448.8176
1704598800000,43959.1,43976.9,43954,43960.1,22.408,985098.5639
1704598860000,43960.1,43968.4,43951.9,43957.9,10.525,462711.8359
1704598920000,43957.9,43969.6,43949.9,43966,19.36,850975.7157
1704598980000,43966,43966,43938.3,43945.9,18.124,796581.5922
1704599040000,43945.9,43945.9,43934.6,43941.9,57.752,2537588.3809
1704599100000,43941.9,43945.9,43941.9,43944.1,4.263,187330.2734
1704599160000,43944.1,43957.1,43938.6,43946.7,15.034,660701.2677
1704599220000,43946.7,43952.4,43942.5,43950,11.073,486615.4605
1704599280000,43950,43956.6,43946.6,43951,56.366,2477338.4736
1704599340000,43951,43961.9,43948.2,43961.9,4.941,217182.6421
1704599400000,43961.9,43978.9,43961.8,43978.9,15.447,679244.3103
1704599460000,43978.9,43978.9,43930.2,43938.3,30.944,1360457.3584
1704599520000,43938.3,43962,43938.2,43962,8.632,379337.0504
1704599580000,43962,43978.7,43957.5,43978.7,2.629,115590.6038
1704599640000,43978.7,43979.2,43974.1,43976.1,15.358,675404.7891
1704599700000,43976.1,43978,43969.2,43975.6,7.935,348929.8032
1704599760000,43975.6,43975.6,43960.1,43960.2,4.25,186865.818
1704599820000,43960.2,43960.2,43948.3,43948.4,2.462,108209.0207
1704599880000,43948.4,43953,43948,43952.7,18.38,807801.7964
1704599940000,43952.7,43952.7,43939,43944.7,5.464,240095.6626
1704600000000,43944.7,43953,43937.4,43950.2,11.298,496524.8502
1704600060000,43950.2,43950.3,43935,43946.4,5.542,243533.0906
1704600120000,43946.4,43946.4,43938.1,43940.7,14.19,623541.3767
1704600180000,43940.7,43960.5,43940.6,43960.5,11.849,520803.2667
1704600240000,43960.5,43975.5,43960.5,43968.6,32.648,1435631.1666
1704600300000,43968.6,43968.6,43960.1,43963.5,15.757,692725.2747
1704600360000,43963.5,43965.8,43944,43944,4.545,199772.5775
1704600420000,43944,43944.1,43922.8,43930,15.815,694718.6227
1704600480000,43930,43938,43930,43931.1,10.1,443714.5801
1704600540000,43931.1,43936,43918.4,43927.9,28.815,1265730.9925
1704600600000,43927.9,43928,43923.6,43923.6,2.965,130242.7455
1704600660000,43923.6,43923.7,43915.6,43915.6,12.694,557541.276
1704600720000,43915.6,43915.6,43915,43915.1,1.331,58450.9611
1704600780000,43915.1,43926.3,43915,43923.7,14.513,637476.4384
1704600840000,43923.7,43923.8,43900,43907.5,91.226,4005684.5621
1704600900000,43907.5,43911.5,43890,43890.1,46.618,2046464.5152
1704600960000,43890.1,43920.5,43890.1,43911.8,9.556,419534.7175
1704601020000,43911.8,43911.8,43894,43894,29.067,1276216.5867
1704601080000,43894,43936.9,43894,43934.8,97.818,4297094.739
1704601140000,43934.8,43947.7,43934.8,43935.2,13.515,593880.7441
1704601200000,43935.2,43937.1,43926,43931.9,4.129,181401.4737
1704601260000,43931.9,43932,43913.4,43929.9,15.869,696965.4986
1704601320000,43929.9,43929.9,43920.3,43922.8,11.404,500941.8605
1704601380000,43922.8,43937.2,43912.1,43937,18.02,791572.414
1704601440000,43937,43992,43937,43986.1,35.437,1558279.3843
1704601500000,43986.1,43992,43971.3,43988.8,24.332,1070305.3867
1704601560000,43988.8,44001.4,43982,43988.1,46.018,2024477.3166
1704601620000,43988.1,43988.1,43982.6,43985,9.841,432847.3463
1704601680000,43985,43991,43984.8,43984.9,17.583,773409.9655
1704601740000,43984.9,43990,43984.9,43986.4,5.997,263799.2915
1704601800000,43986.4,44017,43985.4,44013.4,25.122,1105584.6598
1704601860000,44013.4,44042.4,44005,44040.1,59.275,2609282.1886
1704601920000,44040.1,44040.1,44034,44034,10.152,447040.0337
1704601980000,44034,44034.1,44034,44034.1,6.987,307665.7697
1704602040000,44034.1,44034.1,44030.8,44031.9,14.964,658904.7468
1704602100000,44031.9,44034.1,44019.8,44020.1,22.555,993062.9016
1704602160000,44020.1,44030,44005.4,44019.7,18.945,833885.318
1704602220000,44019.7,44030,44016.1,44016.2,10.875,478788.8647
1704602280000,44016.2,44018.7,44009.5,44009.5,7.458,328256.2954
1704602340000,44009.5,44009.5,44002,44005.7,7.376,324582.3924
1704602400000,44005.7,44008,44002,44002,5.619,247269.3473
1704602460000,44002,44009.5,44000,44002.7,6.759,297436.7279
1704602520000,44002.7,44018,44002.7,44016,10.078,443551.461
1704602580000,44016,44018.8,44007.3,44014.3,3.324,146291.6661
1704602640000,44014.3,44026.4,44014.2,44026.4,11.714,515658.1003
1704602700000,44026.4,44040.2,44016.1,44016.1,51.631,2273318.6305
1704602760000,44016.1,44023.9,44016.1,44023.8,1.969,86678.0965
1704602820000,44023.8,44048,44023.8,44026.1,17.269,760467.8122
1704602880000,44026.1,44031.4,44018.8,44023.6,7.893,347506.3948
1704602940000,44023.6,44023.7,44017.3,44017.3,2.663,117228.3838
1704603000000,44017.3,44029.9,44007.9,44007.9,7.55,332323.3295
1704603060000,44007.9,44007.9,44001,44001,8.211,361306.3245
1704603120000,44001,44001.1,43993.5,43993.5,12.188,536263.7164
1704603180000,43993.5,43993.6,43992,43992,3.812,167698.7218
1704603240000,43992,44001.1,43992,43997.4,4.754,209150.4222
1704603300000,43997.4,44010,43992,43992,7.583,333657.7868
1704603360000,43992,44014.7,43992,44014.7,11.973,526819.8381
1704603420000,44014.7,44014.7,44001.5,44009.6,4.512,198550.2374
1704603480000,44009.6,44009.6,44003.4,44007.9,2.455,108037.5291
1704603540000,44007.9,44008,44002,44003.9,5.15,226626.365
1704603600000,44003.9,44034,44003.9,44034,12.275,540406.3888
1704603660000,44034,44058.8,44033.9,44041.1,18.565,817828.0138
1704603720000,44041.1,44059.2,44040.4,44052.5,11.125,490101.2722
1704603780000,44052.5,44064.3,44051.8,44061,10.437,459827.3471
1704603840000,44061,44078.7,44052.9,44052.9,33.822,1490513.4743
1704603900000,44052.9,44052.9,44042.7,44042.8,16.457,724879.1881
1704603960000,44042.8,44042.8,44016,44028.5,8.924,392879.7192
1704604020000,44028.5,44047.8,44028.5,44047.7,3.419,150573.3302
1704604080000,44047.7,44047.8,44030,44038,15.656,689406.4976
1704604140000,44038,44062.5,44037.9,44054.6,24.325,1071430.2594
1704604200000,44054.6,44055,44038.1,44048.4,9.873,434864.3995
1704604260000,44048.4,44050,44046.3,44046.3,8.032,353782.8793
1704604320000,44046.3,44046.4,44035.9,44041,2.696,118735.5237
1704604380000,44041,44041.1,44041,44041.1,0.868,38227.65
1704604440000,44041.1,44041.1,44039.6,44039.7,10.582,466039.1333
1704604500000,44039.7,44062.1,44039.6,44058.4,24.272,1069260.1743
1704604560000,44058.4,44058.8,44042.6,44042.6,17.213,758220.8864
1704604620000,44042.6,44042.7,44034.6,44042.5,4.091,180159.2087
1704604680000,44042.5,44042.6,44022,44034.9,32.216,1418630.9475
1704604740000,44034.9,44034.9,44025.4,44025.4,3.765,165776.4293
1704604800000,44025.4,44028.5,44016,44016,8.116,357304.5702
1704604860000,44016,44016,44006,44006,4.593,202141.7972
1704604920000,44006,44020.3,44006,44020.3,11.456,504186.3879
1704604980000,44020.3,44020.3,44007.1,44007.1,3.046,134059.3818
1704605040000,44007.1,44008.6,44007,44008.6,6.577,289438.8374
1704605100000,44008.6,44010,43992.1,43992.2,48.583,2137857.2559
1704605160000,43992.2,43992.4,43979.9,43980,10.159,446874.9013
1704605220000,43980,43980,43954,43970.7,30.077,1322341.4381
1704605280000,43970.7,43981.9,43968.1,43973,19.422,854093.7596
1704605340000,43973,43984.8,43973,43984.8,5.024,220938.5428
1704605400000,43984.8,43984.8,43971.6,43971.6,7.123,313285.4633
1704605460000,43971.6,43976.2,43962.1,43972.2,10.968,482244.1652
1704605520000,43972.2,43981.9,43971.7,43971.7,4.991,219470.9374
1704605580000,43971.7,43972.3,43960.6,43960.6,8.047,353831.6745
1704605640000,43960.6,43960.6,43960,43960.1,5.911,259847.8066
1704605700000,43960.1,43968,43958.1,43958.1,11.75,516555.3335
1704605760000,43958.1,43958.1,43933.2,43938,65.712,2887476.3753
1704605820000,43938,43938.1,43928.4,43937.9,27.183,1194215.7379
1704605880000,43937.9,43965.5,43937.9,43965.3,31.657,1391395.7852
1704605940000,43965.3,43965.3,43953.2,43962.2,11.447,503202.1408
1704606000000,43962.2,43967.9,43960.1,43960.2,8.937,392898.2011
1704606060000,43960.2,43979,43960.1,43978.9,16.922,744070.7623
1704606120000,43978.9,43979,43967,43967,4.526,199018.3474
1704606180000,43967,43978.8,43963.6,43967.9,16.001,703595.1374
1704606240000,43967.9,43977.5,43965.3,43977.4,5.938,261103.2028
1704606300000,43977.4,43979,43972.4,43978.9,2.64,116099.0689
1704606360000,43978.9,43979,43975,43977.9,3.954,173889.1705
1704606420000,43977.9,43986.4,43977.8,43979.5,37.394,1644606.4168
1704606480000,43979.5,43989,43970,43988.9,6.43,282787.2232
1704606540000,43988.9,43989,43981,43983.9,2.976,130892.4065
1704606600000,43983.9,43988.2,43983.9,43985.1,1.654,72752.9148
1704606660000,43985.1,43989,43980,43980,3.912,172065.1092
1704606720000,43980,43989,43980,43989,2.514,110580.8018
1704606780000,43989,43992,43984,43991.9,7.186,316102.5893
1704606840000,43991.9,43994.2,43983,43983.1,5.572,245114.9849
1704606900000,43983.1,43983.1,43960.8,43963.9,11.339,498597.6926
1704606960000,43963.9,43963.9,43904.8,43920.1,107.937,4741047.0849
1704607020000,43920.1,43920.8,43850.8,43857,241.183,10584440.3
1704607080000,43857,43891.7,43857,43876.4,110.471,4847022.1004
1704607140000,43876.4,43899.5,43876.4,43899.5,56.025,2458815.0998
1704607200000,43899.5,43917.5,43893.9,43902.8,88.658,3892902.5859
1704607260000,43902.8,43902.8,43858.8,43899.4,181.771,7975572.9855
1704607320000,43899.4,43913.6,43889,43913.6,10.503,461073.7143
1704607380000,43913.6,43913.6,43875.8,43876.3,66.557,2921436.5937
1704607440000,43876.3,43903.4,43863.4,43903.4,82.544,3622524.2488
1704607500000,43903.4,43941.1,43902,43926,74.671,3280064.222
1704607560000,43926,43938,43926,43938,11.386,500220.3304
1704607620000,43938,43954.8,43928.5,43933.4,48.092,2113480.2393
1704607680000,43933.4,43937.9,43917.5,43917.6,10.607,465878.596
1704607740000,43917.6,43941.7,43917.5,43932.9,19.274,846734.3785
1704607800000,43932.9,43976.2,43932.9,43963.8,64.483,2834849.7265
1704607860000,43963.8,43970,43958.3,43967.8,7.5,329730.4935
1704607920000,43967.8,44050,43967.8,44033.4,344.911,15184647.1634
1704607980000,44033.4,44040,44021.6,44028,61.591,2711972.1496
1704608040000,44028,44033.6,44021.7,44021.7,25.15,1107279.6692
1704608100000,44021.7,44023.8,44014.1,44018.9,30.186,1328836.9927
1704608160000,44018.9,44070,44003,44066.1,106.019,4668945.0619
1704608220000,44066.1,44111,44061.2,44072,133.957,5905618.6968
1704608280000,44072,44072,44050.1,44050.1,36.33,1600827.8852
1704608340000,44050.1,44055.2,44035.9,44052.1,34.191,1506044.1265
1704608400000,44052.1,44060,44042,44047.4,19.169,844421.7827
1704608460000,44047.4,44050,44036.9,44041.2,18.46,813081.3773
1704608520000,44041.2,44041.2,44020.9,44031,21.695,955172.381
1704608580000,44031,44032.3,44017.9,44018,18.567,817471.5769
1704608640000,44018,44018,43960.2,43965.9,130.741,5750942.8095
1704608700000,43965.9,43988.9,43961,43986.4,45.121,1984487.5152
1704608760000,43986.4,43994,43984.2,43991,18.901,831454.2946
1704608820000,43991,43991,43984,43986.2,7.59,333857.4196
1704608880000,43986.2,43991,43980.9,43985.1,10.203,448789.546
1704608940000,43985.1,43988.3,43985.1,43988.2,2.137,93998.108
1704609000000,43988.2,43996.7,43963.6,43969.7,18.464,812083.983
1704609060000,43969.7,43986,43963.9,43981.1,7.593,333940.0048
1704609120000,43981.1,43987.5,43981.1,43987.5,3.503,154075.7121
1704609180000,43987.5,43987.8,43964.3,43964.3,4.528,199141.4174
1704609240000,43964.3,43991.1,43963,43985.5,8.364,367813.2832
1704609300000,43985.5,43993.7,43970.7,43970.7,3.296,144959.5112
1704609360000,43970.7,43976.6,43968.2,43969.3,3.063,134685.7489
1704609420000,43969.3,43969.3,43969.2,43969.2,2.972,130676.7434
1704609480000,43969.2,43984.3,43969.2,43980.1,6.507,286192.6259
1704609540000,43980.1,43985.5,43979.8,43979.9,4.543,199802.695
1704609600000,43979.9,43999.5,43976.1,43982.3,4.821,212076.2459
1704609660000,43982.3,43990,43972.1,43988,5.055,222297.7348
1704609720000,43988,43996.8,43986.7,43992,4.874,214422.5745
1704609780000,43992,43993.6,43990.4,43990.4,6.293,276839.4024
1704609840000,43990.4,43992.6,43985.3,43992.5,4.638,204019.1908
1704609900000,43992.5,44006.5,43992.5,44000,11.188,492283.7711
1704609960000,44000,44000,43996.2,43996.3,2.077,91380.2767
1704610020000,43996.3,44009.3,43996.2,44008.4,17.703,779003.1033
1704610080000,44008.4,44044,44008.4,44037.4,63.023,2774952.7381
1704610140000,44037.4,44037.5,44022.1,44022.1,17.097,752857.5033
1704610200000,44022.1,44022.2,44004.1,44004.1,6.128,269720.7289
1704610260000,44004.1,44007.8,43992.4,44005.3,34.55,1520248.4521
1704610320000,44005.3,44005.4,43998,43998.1,6.2,272800.7321
1704610380000,43998.1,44009,43998,44009,12.854,565569.8731
1704610440000,44009,44018.7,44009,44010.1,5.419,238508.6738
1704610500000,44010.1,44019.9,44010.1,44018,4.336,190834.8404
1704610560000,44018,44045.3,44018,44036.7,33.117,1458359.86
1704610620000,44036.7,44036.8,44030,44030,5.547,244254.1878
1704610680000,44030,44040,44030,44036.4,5.543,244073.5638
1704610740000,44036.4,44036.5,44031.3,44031.4,11.972,527179.4696
1704610800000,44031.4,44062,44028.8,44061.9,69.287,3051805.9603
1704610860000,44061.9,44069.8,44054.9,44054.9,50.18,2211106.1904
1704610920000,44054.9,44054.9,44040,44040.1,13.466,593142.5821
1704610980000,44040.1,44040.1,44031.3,44031.3,5.571,245336.8571
1704611040000,44031.3,44031.4,44005.5,44018.9,68.023,2994106.6724
1704611100000,44018.9,44018.9,44002.7,44002.8,5.387,237069.145
1704611160000,44002.8,44012.4,43998.3,43998.4,14.44,635390.908
1704611220000,43998.4,44017,43996.1,44016.9,19.422,854707.8714
1704611280000,44016.9,44027.1,44016.9,44022,7.533,331601.8833
1704611340000,44022,44053.3,44021.2,44041.8,63.37,2790230.5811
1704611400000,44041.8,44041.9,44029.8,44029.9,7.178,316110.8275
1704611460000,44029.9,44045.8,44029.8,44041.4,8.517,375076.0005
1704611520000,44041.4,44043.9,44037,44043.9,6.612,291197.375
1704611580000,44043.9,44045.8,44039.6,44045.8,3.636,160131.0392
1704611640000,44045.8,44054,44045.7,44053.9,9.855,434101.9727
1704611700000,44053.9,44054,44045.5,44053.9,5.095,224434.7305
1704611760000,44053.9,44054,44050.1,44050.1,1.535,67619.8825
1704611820000,44050.1,44060,44049.7,44059.9,17.747,781827.7144
1704611880000,44059.9,44064.9,44056,44064.9,5.674,249992.5819
1704611940000,44064.9,44064.9,44061.9,44062.8,4.013,176827.2451
1704612000000,44062.8,44062.9,44052.8,44055.9,22.419,987708.605
1704612060000,44055.9,44064.3,44040,44054,91.614,4036068.3592
1704612120000,44054,44062,44050,44050.1,20.407,899070.4298
1704612180000,44050.1,44050.1,44041.3,44041.3,10.382,457279.4739
1704612240000,44041.3,44050,44041.3,44042,5.625,247755.238
1704612300000,44042,44042,44027.6,44041.9,15.497,682392.413
1704612360000,44041.9,44053.5,44038.6,44048.2,4.013,176764.364
1704612420000,44048.2,44050,44048.2,44049.9,3.352,147650.2558
1704612480000,44049.9,44060,44039.5,44060,29.996,1321238.5475
1704612540000,44060,44060,44052,44058.9,4.393,193541.3878
1704612600000,44058.9,44085.8,44051,44066.8,112.615,4962782.7698
1704612660000,44066.8,44100,44062.1,44099.9,54.962,2423059.2834
1704612720000,44099.9,44112.8,44086.3,44086.3,155.762,6868736.8579
1704612780000,44086.3,44098.8,44086.2,44098.8,21.358,941768.0114
1704612840000,44098.8,44098.8,44086.9,44087.8,19.478,858839.1761
1704612900000,44087.8,44090,44066,44066,29.381,1294986.5811
1704612960000,44066,44070.2,44053.9,44058.1,24.724,1089331.4256
1704613020000,44058.1,44067.1,44057.9,44067.1,14.273,628918.8635
1704613080000,44067.1,44067.1,44038.1,44043.4,9.087,400269.0703
1704613140000,44043.4,44056.1,44033.9,44048.2,19.627,864372.8372
1704613200000,44048.2,44062,44045.1,44057.7,10.323,454777.3323
1704613260000,44057.7,44074.9,44057.6,44074.8,23.673,1043231.4954
1704613320000,44074.8,44074.9,44054.1,44055.2,6.356,280062.451
1704613380000,44055.2,44100.2,44055.2,44092.6,87.056,3837170.8891
1704613440000,44092.6,44109.1,44092.5,44101.9,22.159,977269.5157
1704613500000,44101.9,44103.5,44089.3,44089.4,21.884,965025.0896
1704613560000,44089.4,44095,44089.3,44091.3,8.712,384124.3158
1704613620000,44091.3,44095.3,44082.2,44082.2,5.626,248057.2148
1704613680000,44082.2,44087.9,44077.6,44084.1,11.209,494090.891
1704613740000,44084.1,44088.1,44080,44088.1,8.079,356145.1607
1704613800000,44088.1,44091.4,44075.1,44075.1,28.408,1252204.4695
1704613860000,44075.1,44083.9,44073.2,44074.1,10.723,472633.9032
1704613920000,44074.1,44081.5,44074,44076.4,2.311,101861.1781
1704613980000,44076.4,44099,44071,44098.9,36.026,1588332.8651
1704614040000,44098.9,44099,44084.4,44088.4,4.809,212041.2556
1704614100000,44088.4,44108.5,44071,44071.1,25.178,1110225.4421
1704614160000,44071.1,44088,44071,44076.1,14.737,649559.0735
1704614220000,44076.1,44083.6,44076,44076,2.681,118178.1358
1704614280000,44076,44083.1,44076,44083.1,5.723,252260.0949
1704614340000,44083.1,44092,44083.1,44092,10.034,442391.5465
1704614400000,44092,44104.5,44090,44095.6,31.941,1408498.2054
1704614460000,44095.6,44106.1,44095,44106.1,15.185,669692.6107
1704614520000,44106.1,44150.9,44106.1,44135.2,115.695,5105757.1575
1704614580000,44135.2,44166,44111,44149,157.568,6954233.2981
1704614640000,44149,44151,44132.8,44132.8,20.612,909749.6032
1704614700000,44132.8,44132.9,44120.3,44120.4,31.122,1373292.837
1704614760000,44120.4,44120.4,44101.5,44115,54.194,2390728.1569
1704614820000,44115,44132.7,44114.9,44132.7,14.984,661096.8163
1704614880000,44132.7,44163.5,44130,44130,39.474,1742691.7573
1704614940000,44130,44131.9,44109.7,44115.9,31.25,1378869.581
1704615000000,44115.9,44127.2,44103,44127.1,10.23,451253.6899
1704615060000,44127.1,44130,44127.1,44129.9,11.314,499259.6435
1704615120000,44129.9,44139.9,44127.1,44129.7,15.063,664764.5189
1704615180000,44129.7,44133,44096.8,44103.6,29.99,1323235.6034
1704615240000,44103.6,44112,44100,44100.1,14.491,639124.7198
1704615300000,44100.1,44114.9,44080,44108.3,46.487,2049944.6431
1704615360000,44108.3,44108.3,44096,44098,9.6,423404.2559
1704615420000,44098,44098,44088.5,44092,24.134,1064215.8457
1704615480000,44092,44098,44092,44098,7.581,334294.0248
1704615540000,44098,44098,44090.1,44092.1,11.306,498508.8371
1704615600000,44092.1,44093.9,44088.5,44088.6,9.093,400933.7976
1704615660000,44088.6,44110.8,44075.1,44110.5,34.62,1526413.0025
1704615720000,44110.5,44110.6,44091,44110.2,19.242,848644.9396
1704615780000,44110.2,44118.1,44110.1,44118,14.675,647334.8235
1704615840000,44118,44120,44112.8,44116.9,21.228,936566.5922
1704615900000,44116.9,44120,44116.9,44120,3.617,159581.5205
1704615960000,44120,44132,44119.9,44132,26.966,1189848.6041
1704616020000,44132,44145,44132,44144.9,9.416,415621.2462
1704616080000,44144.9,44150,44144.9,44149.9,10.689,471905.3571
1704616140000,44149.9,44157.3,44145,44152.4,33.606,1483782.7518
1704616200000,44152.4,44182.5,44152.3,44182.5,97.359,4300262.0641
1704616260000,44182.5,44182.5,44146.8,44154.9,34.878,1540378.5802
1704616320000,44154.9,44181.8,44154.9,44179.9,68.002,3003475.7407
1704616380000,44179.9,44181.9,44176.4,44180,20.272,895602.545
1704616440000,44180,44180.1,44164,44167.1,25.959,1146578.1782
1704616500000,44167.1,44173.2,44162.2,44173.2,17.669,780338.8446
1704616560000,44173.2,44182.5,44173.2,44182.5,20.468,904285.047
1704616620000,44182.5,44182.5,44160,44160,42.919,1895912.88
1704616680000,44160,44160.1,44141.3,44145,33.646,1485396.5442
1704616740000,44145,44150,44137.9,44137.9,16.659,735424.5359
1704616800000,44137.9,44140,44130,44130,12.316,543588.8611
1704616860000,44130,44136.4,44106.5,44109,26.639,1175371.583
1704616920000,44109,44117.7,44092.2,44092.2,44.596,1967124.9118
1704616980000,44092.2,44123.7,44092.2,44102,113.536,5007647.4035
1704617040000,44102,44115.8,44096.9,44114.5,59.447,2621857.4136
1704617100000,44114.5,44124,44090.2,44108.1,32.547,1435505.9116
1704617160000,44108.1,44108.1,44045.4,44045.4,86.928,3830387.7093
1704617220000,44045.4,44089.7,44045.4,44070,32.509,1432696.7682
1704617280000,44070,44087.7,44069.9,44069.9,8.575,377971.6296
1704617340000,44069.9,44069.9,44054.1,44062.2,24.531,1080937.3975
1704617400000,44062.2,44080,44060,44060.1,22.625,997089.1023
1704617460000,44060.1,44060.1,44044.9,44044.9,17.975,791829.9827
1704617520000,44044.9,44049.9,44039.1,44046.2,35.061,1544223.8913
1704617580000,44046.2,44080.4,44046.1,44074,27.795,1224935.3975
1704617640000,44074,44079,44059.6,44066.7,32.296,1423264.8922
1704617700000,44066.7,44066.8,44046.1,44046.1,11.243,495287.3966
1704617760000,44046.1,44052,44020,44035.4,85.759,3775899.441
1704617820000,44035.4,44046.2,44035.4,44035.5,16.18,712568.7832
1704617880000,44035.5,44038.3,44028.9,44029.9,16.954,746531.528
1704617940000,44029.9,44036.8,44029.9,44031.4,6.814,300043.4822
1704618000000,44031.4,44052,44031.1,44039.1,19.719,868485.4144
1704618060000,44039.1,44052,44031.9,44052,19.486,858231.5885
1704618120000,44052,44066.3,44032,44032,63.662,2804801.3589
1704618180000,44032,44060.1,44032,44060.1,18.045,794725.0033
1704618240000,44060.1,44060.1,44050.4,44050.4,27.347,1204757.9193
1704618300000,44050.4,44074.8,44050.4,44074.5,31.198,1374677.7902
1704618360000,44074.5,44074.5,44066,44072,9.303,409996.6402
1704618420000,44072,44072.1,44072,44072,1.713,75495.4213
1704618480000,44072,44082,44072,44074.4,9.193,405214.2985
1704618540000,44074.4,44074.4,44066,44066,59.263,2611857.4435
1704618600000,44066,44066.1,44047.8,44047.9,9.423,415144.9173
1704618660000,44047.9,44047.9,44020,44020.1,32.103,1413761.106
1704618720000,44020.1,44035.2,44009.1,44026.2,38.889,1711896.9398
1704618780000,44026.2,44034.7,44001,44016,126.544,5569504.3513
1704618840000,44016,44016,43985.9,43999.9,45.802,2015051.8597
1704618900000,43999.9,44011,43990.1,43993.9,44.866,1974030.4099
1704618960000,43993.9,44041.6,43993.8,44021.5,53.524,2356190.85
1704619020000,44021.5,44024.6,44009.8,44024.5,18.531,815730.266
1704619080000,44024.5,44034.5,44023.8,44030.6,9.701,427136.0186
1704619140000,44030.6,44030.6,44012.1,44012.2,10.155,447015.8347
1704619200000,44012.2,44016,44003.1,44004,25.332,1114851.6666
1704619260000,44004,44004,43975,43978.1,77.765,3420660.4908
1704619320000,43978.1,44015,43978.1,44012.2,22.276,980122.3641
1704619380000,44012.2,44012.2,43977,43977.6,61.136,2689457.9466
1704619440000,43977.6,44008.8,43977.6,43994.6,32.074,1410892.1949
1704619500000,43994.6,43996.4,43991.6,43996.4,12.398,545426.9083
1704619560000,43996.4,44011.5,43993.1,44011.5,7.818,343955.0703
1704619620000,44011.5,44011.5,43993.4,43993.4,5.682,249978.1071
1704619680000,43993.4,43993.5,43993.1,43993.1,10.349,455286.853
1704619740000,43993.1,43993.2,43981.8,43982.2,24.458,1075887.2969
1704619800000,43982.2,44000,43977.8,44000,27.676,1217257.9211
1704619860000,44000,44002.7,43960,43967.3,54.183,2382559.8703
1704619920000,43967.3,43978.1,43950.8,43950.8,46.821,2058380.9211
1704619980000,43950.8,43950.8,43923,43923.1,153.939,6763438.8087
1704620040000,43923.1,43943.2,43923,43932.4,63.513,2790308.0058
1704620100000,43932.4,43947.5,43912.4,43912.4,84.403,3707747.3384
1704620160000,43912.4,43958.4,43912.3,43946.7,53.011,2329070.8441
1704620220000,43946.7,43946.7,43922,43922,22.457,986693.3373
1704620280000,43922,43969.2,43922,43969.2,45.512,2000071.6158
1704620340000,43969.2,43992.6,43969.1,43982.4,27.8,1222693.3018
1704620400000,43982.4,43982.5,43952.8,43956.1,28.724,1262735.5203
1704620460000,43956.1,43967.3,43952,43952.1,10.606,466217.8751
1704620520000,43952.1,43971.5,43938.2,43955.8,30.3,1331809.1625
1704620580000,43955.8,43980,43955.8,43960.1,15.89,698678.7548
1704620640000,43960.1,43964.4,43952.6,43955.5,12.351,542916.5107
1704620700000,43955.5,43981,43955.4,43981,26.381,1160052.5858
1704620760000,43981,44002.3,43980.9,44002.3,54.113,2380681.5178
1704620820000,44002.3,44002.3,43978.7,43983,30.929,1360575.5354
1704620880000,43983,43986,43976.3,43986,12.196,536373.0121
1704620940000,43986,43996,43982,43982.1,19.6,862126.33
1704621000000,43982.1,43982.1,43951.4,43956.8,37.294,1639484.0056
1704621060000,43956.8,43981.9,43956.8,43966.3,18.795,826383.6928
1704621120000,43966.3,43966.3,43916.6,43938,83.707,3677538.2083
1704621180000,43938,43940.6,43885.6,43902.4,198.256,8704101.5769
1704621240000,43902.4,43908.1,43886,43900,77.551,3404293.2736
1704621300000,43900,43954.5,43899.9,43954.1,66.5,2921492.8806
1704621360000,43954.1,43965.4,43944,43960.1,37.688,1656622.273
1704621420000,43960.1,43964.1,43942,43942,17.355,762773.8468
1704621480000,43942,43945.8,43942,43945.7,23.528,1033926.3598
1704621540000,43945.7,43952.1,43945.7,43945.7,11.252,494522.7349
1704621600000,43945.7,43946.5,43938,43938.1,24.74,1087140.8466
1704621660000,43938.1,43963.5,43938,43957.6,21.555,947288.1461
1704621720000,43957.6,43965,43947.5,43965,14.913,655521.3274
1704621780000,43965,43983.1,43959.1,43968.1,27.803,1222508.4708
1704621840000,43968.1,43979.4,43953.7,43953.8,14.873,653895.1615
1704621900000,43953.8,43975.2,43949.6,43975.2,13.408,589389.9461
1704621960000,43975.2,43975.7,43961.9,43961.9,15.438,678773.2867
1704622020000,43961.9,43962,43949.6,43952.6,6.189,272052.7437
1704622080000,43952.6,43952.6,43942.1,43942.1,4.864,213772.6759
1704622140000,43942.1,43953,43940.6,43947,48.787,2143886.3784
1704622200000,43947,43960,43942.1,43942.1,6.378,280304.9208
1704622260000,43942.1,43942.1,43922.3,43922.3,25.006,1098550.6481
1704622320000,43922.3,43940,43922.3,43940,16.124,708342.4256
1704622380000,43940,43965.3,43938.1,43965.2,20.245,889800.2701
1704622440000,43965.2,43965.3,43947.5,43950.7,6.449,283452.5264
1704622500000,43950.7,43971.4,43940.1,43971.3,19.383,851987.739
1704622560000,43971.3,43971.3,43952,43954.5,15.429,678238.5746
1704622620000,43954.5,43954.5,43951.2,43951.2,5.431,238712.4735
1704622680000,43951.2,43982.3,43951.2,43978.5,23.173,1018732.4326
1704622740000,43978.5,43978.5,43958.6,43958.7,6.321,277922.5394
1704622800000,43958.7,43984.6,43955.6,43984.4,24.483,1076604.4585
1704622860000,43984.4,44008.3,43979.7,44008.3,31.889,1403101.6778
1704622920000,44008.3,44008.5,43942,43946,165.311,7270823.8599
1704622980000,43946,43963,43942.1,43963,19.798,870177.0743
1704623040000,43963,43989.5,43963,43979.5,43.813,1926655.2681
1704623100000,43979.5,43979.6,43970.4,43977.2,11.846,520955.5547
1704623160000,43977.2,43977.6,43966,43974,6.258,275173.3045
1704623220000,43974,43976.1,43960,43960,8.15,358346.6831
1704623280000,43960,43971.7,43960,43966.9,8.773,385725.0036
1704623340000,43966.9,43966.9,43965.9,43965.9,9.591,421686.1875
1704623400000,43965.9,43965.9,43953.4,43954.2,17.933,788271.024
1704623460000,43954.2,43954.2,43943.9,43944,10.624,466927.1035
1704623520000,43944,43955.1,43943.9,43945.4,4.807,211252.6487
1704623580000,43945.4,43959.5,43945.3,43955.9,7.298,320769.2523
1704623640000,43955.9,43955.9,43945.9,43948.6,11.535,506952.8004
1704623700000,43948.6,43948.6,43941.1,43944.9,13.362,587190.6873
1704623760000,43944.9,43961.1,43944.9,43961.1,7.312,321364.3449
1704623820000,43961.1,43988,43961.1,43970,46.038,2024460.3937
1704623880000,43970,43973,43966.2,43973,11.229,493738.3224
1704623940000,43973,43987.9,43972.9,43981.6,12.994,571492.7539
1704624000000,43981.6,43981.7,43953.2,43953.3,23.551,1035633.2902
1704624060000,43953.3,43971.8,43953.2,43959.7,6.938,304978.2498
1704624120000,43959.7,43964.4,43953.2,43964.4,5.343,234869.5687
1704624180000,43964.4,43964.4,43959.5,43959.6,3.501,153908.9266
1704624240000,43959.6,43978,43959.5,43964.4,11.627,511236.7071
1704624300000,43964.4,43974.5,43952,43974.5,9.126,401176.2084
1704624360000,43974.5,43974.5,43968.9,43969.1,5.386,236827.3729
1704624420000,43969.1,43980.7,43961.3,43967,6.607,290496.3569
1704624480000,43967,43978.8,43967,43968.4,7.939,349109.864
1704624540000,43968.4,43968.4,43943.1,43948.1,10.298,452592.481
1704624600000,43948.1,43951.3,43943.8,43951.3,10.103,443993.3489
1704624660000,43951.3,43951.3,43935.9,43940.4,13.071,574336.5913
1704624720000,43940.4,43951.5,43940.4,43951.5,6.401,281310.223
1704624780000,43951.5,43975,43951.4,43972.5,6.737,296198.6502
1704624840000,43972.5,43986.4,43972.4,43980.6,9.332,410445.5869
1704624900000,43980.6,43980.6,43972.4,43972.5,3.133,137771.9394
1704624960000,43972.5,43974.1,43966.9,43968.8,7.272,319765.5649
1704625020000,43968.8,43985.8,43968.8,43971.2,11.754,516860.6761
1704625080000,43971.2,43976,43965,43972.5,6.914,303999.0046
1704625140000,43972.5,43978,43972.5,43974,3.031,133290.3874
1704625200000,43974,44006.8,43974,43996.4,36.697,1614502.0288
1704625260000,43996.4,43996.4,43978.9,43979,10.004,440030.2796
1704625320000,43979,43998,43978,43998,9.342,410889.3186
1704625380000,43998,43998.1,43986.2,43988.1,8.677,381701.0384
1704625440000,43988.1,43996.5,43988,43996.5,5.767,253704.6557
1704625500000,43996.5,43996.5,43992.5,43992.5,3.675,161675.2798
1704625560000,43992.5,43999.2,43992.5,43994.3,17.283,760415.9873
1704625620000,43994.3,43997.5,43994,43994.6,6.489,285485.1093
1704625680000,43994.6,43994.7,43988.3,43994.7,5.626,247498.3577
1704625740000,43994.7,44006.2,43994.4,43994.4,33.665,1481199.6037
1704625800000,43994.4,44005.7,43994.4,43994.5,19.717,867549.1055
1704625860000,43994.5,43994.5,43990.8,43990.9,3.783,166422.1732
1704625920000,43990.9,43990.9,43990.8,43990.8,1.758,77335.8932
1704625980000,43990.8,43996.2,43990.8,43994.3,9.789,430643.0158
1704626040000,43994.3,43997.2,43992.9,43992.9,11.674,513604.1215
1704626100000,43992.9,44022,43991.7,44019.8,25.72,1131857.872
1704626160000,44019.8,44019.8,44009.1,44011.6,11.432,503120.7455
1704626220000,44011.6,44033,44011.6,44032.9,45.552,2005443.6017
1704626280000,44032.9,44033,44015.1,44032.1,22.276,980704.449
1704626340000,44032.1,44033,44032.1,44033,9.491,417912.8412
1704626400000,44033,44039.9,44032.9,44039.8,24.553,1081233.4741
1704626460000,44039.8,44039.9,44020.1,44029.3,27.771,1222757.3318
1704626520000,44029.3,44029.3,44029,44029,8.569,377284.6395
1704626580000,44029,44029.4,43973.6,43990.3,107.499,4730143.5402
1704626640000,43990.3,44039.9,43990.3,44036.8,45.287,1993594.7459
1704626700000,44036.8,44075,44034.9,44070,80.949,3566004.4243
1704626760000,44070,44077,44055.2,44077,36.136,1592286.7621
1704626820000,44077,44100,44073.7,44073.8,153.295,6757860.1588
1704626880000,44073.8,44073.8,44059.3,44066,19.255,848469.048
1704626940000,44066,44066,44049.1,44057,27.479,1210532.4129
1704627000000,44057,44094,44049.1,44081.6,39.584,1744283.6391
1704627060000,44081.6,44104,44072,44093.1,60.537,2669237.5342
1704627120000,44093.1,44100,44090.1,44098.2,33.642,1483468.3357
1704627180000,44098.2,44098.2,44086.7,44091.7,19.708,868949.3147
1704627240000,44091.7,44098.2,44091.7,44098.2,14.181,625321.6011
1704627300000,44098.2,44138.9,44098.1,44106.1,143.078,6312448.944
1704627360000,44106.1,44106.1,44082.2,44086.8,64.623,2849827.5994
1704627420000,44086.8,44120,44086.7,44114,33.114,1460326.9053
1704627480000,44114,44118.7,44103.8,44103.9,26.067,1149942.4027
1704627540000,44103.9,44113.5,44097.9,44108.9,15.198,670326.3971
1704627600000,44108.9,44108.9,44086.3,44090,14.009,617794.0665
1704627660000,44090,44102.2,44090,44102.1,13.512,595832.2929
1704627720000,44102.1,44113.1,44096,44106.7,27.329,1205414.2956
1704627780000,44106.7,44106.8,44096,44096,15.007,661878.619
1704627840000,44096,44102.3,44095.2,44099.6,11.788,519839.1534
1704627900000,44099.6,44103.6,44073.1,44073.1,38.112,1680167.1273
1704627960000,44073.1,44106,44073,44105.9,109.921,4846807.7232
1704628020000,44105.9,44115,44103.8,44114.9,25.019,1103571.0008
1704628080000,44114.9,44116.6,44106,44116.6,14.818,653654.9598
1704628140000,44116.6,44116.7,44112.9,44115,12.838,566338.4964
1704628200000,44115,44115.1,44090.9,44095.7,17.525,772896.2427
1704628260000,44095.7,44098.9,44076.7,44091.1,29.975,1321538.6738
1704628320000,44091.1,44096.1,44084,44084.7,12.167,536438.2258
1704628380000,44084.7,44086,44075,44080.3,13.255,584273.3334
1704628440000,44080.3,44080.4,44051.7,44061.9,49.844,2196299.3501
1704628500000,44061.9,44071.9,44055,44071.9,17.905,788884.6972
1704628560000,44071.9,44086,44061.3,44070,10.872,479156.7696
1704628620000,44070,44074.4,44068.4,44074.4,5.539,244114.0377
1704628680000,44074.4,44074.4,44066.4,44066.4,7.328,322968.1832
1704628740000,44066.4,44076.9,44060.4,44076.9,7.15,315094.6644
1704628800000,44076.9,44087.6,44058.4,44058.4,17.854,786988.6921
1704628860000,44058.4,44058.4,44037.8,44047.5,24.533,1080515.6228
1704628920000,44047.5,44050.9,44037,44037.1,13.028,573818.9432
1704628980000,44037.1,44040,44026.9,44026.9,23.754,1045917.2969
1704629040000,44026.9,44026.9,43995.6,44001.7,63.656,2801244.3846
1704629100000,44001.7,44005.4,43980.5,43983.2,48.323,2125791.8036
1704629160000,43983.2,44031,43971.1,44027.1,133.272,5864112.5294
1704629220000,44027.1,44027.1,44016.1,44017.8,39.817,1752790.8105
1704629280000,44017.8,44017.8,44002,44002.1,19.848,873501.1143
1704629340000,44002.1,44002.1,43982.1,44000,93.048,4093415.5322
1704629400000,44000,44028.6,43988.9,44026.2,27.15,1194685.2159
1704629460000,44026.2,44031.2,44020.9,44027.8,39.625,1744524.702
1704629520000,44027.8,44060.5,44027.3,44060.4,27.216,1198719.5914
1704629580000,44060.4,44066,44053.9,44058.6,30.125,1327260.4873
1704629640000,44058.6,44058.6,44054.7,44054.7,8.485,373833.739
1704629700000,44054.7,44061.6,44052.2,44052.2,19.607,863831.7251
1704629760000,44052.2,44060,44052.2,44057.1,16.364,720908.1749
1704629820000,44057.1,44078.9,44057,44077,20.967,924105.2875
1704629880000,44077,44100,44076.9,44099.9,106.441,4692701.5752
1704629940000,44099.9,44107.6,44090.8,44098.9,28.783,1269359.2036
1704630000000,44098.9,44100,44090.9,44090.9,14.277,629567.3285
1704630060000,44090.9,44091,44072,44072,18.47,814258.6848
1704630120000,44072,44072.1,44051.9,44059.2,10.234,450868.0273
1704630180000,44059.2,44074,44059.2,44066.7,44.776,1973293.0907
1704630240000,44066.7,44066.7,44061.1,44061.2,2.837,125003.6123
1704630300000,44061.2,44061.2,44054.6,44061.1,9.28,408871.6702
1704630360000,44061.1,44067.9,44061.1,44067.9,8.006,352791.9876
1704630420000,44067.9,44067.9,44053,44059.5,9.339,411476.3129
1704630480000,44059.5,44061.5,44059.5,44061.4,11.439,504012.0714
1704630540000,44061.4,44061.5,44053,44060.9,5.944,261878.9983
1704630600000,44060.9,44067.2,44060.8,44066.8,13.522,595836.1132
1704630660000,44066.8,44095.9,44066.8,44089.3,15.734,693698.0345
1704630720000,44089.3,44114,44082.2,44113.9,32.766,1444962.1904
1704630780000,44113.9,44114,44091.1,44100,31.223,1377045.2008
1704630840000,44100,44100,44092.2,44098.6,7.492,330372.7456
1704630900000,44098.6,44116.9,44098.6,44109.6,43.432,1915626.8535
1704630960000,44109.6,44109.6,44093.7,44093.7,8.346,368078.0821
1704631020000,44093.7,44115.8,44086.4,44115.7,16.245,716307.8278
1704631080000,44115.7,44137,44105.3,44121.8,140.586,6202569.0866
1704631140000,44121.8,44130.3,44101.5,44124.1,43.816,1933122.3715
1704631200000,44124.1,44160.5,44122.7,44151.2,150.509,6644112.4063
1704631260000,44151.2,44151.2,44128.7,44142.9,38.889,1716578.5751
1704631320000,44142.9,44146.1,44134.8,44141.2,13.892,613225.9405
1704631380000,44141.2,44141.3,44121.6,44125.3,17.959,792572.9337
1704631440000,44125.3,44143.1,44125.3,44142,16.953,748285.3364
1704631500000,44142,44142,44102.2,44102.4,58.403,2576697.7847
1704631560000,44102.4,44132,44102.4,44116.6,24.427,1077748.4772
1704631620000,44116.6,44120.1,44110,44110,13.337,588357.2394
1704631680000,44110,44110,44098,44101.9,56.504,2491968.2522
1704631740000,44101.9,44101.9,44095.6,44098,13.67,602815.2823
1704631800000,44098,44106.4,44090.4,44106.4,11.071,488173.4592
1704631860000,44106.4,44107.2,44106.4,44106.7,4.568,201481.094
1704631920000,44106.7,44106.7,44100.1,44102.9,3.601,158816.6995
1704631980000,44102.9,44106.4,44102.9,44106.3,7.563,333556.2266
1704632040000,44106.3,44106.4,44106.3,44106.3,2.333,102900.1385
1704632100000,44106.3,44106.4,44075.6,44087.9,52.605,2319042.8067
1704632160000,44087.9,44099.8,44084.8,44084.9,11.064,487841.9391
1704632220000,44084.9,44086.5,44084.8,44086.4,1.714,75562.298
1704632280000,44086.4,44107.5,44086.4,44097.7,78.69,3470381.2394
1704632340000,44097.7,44102.5,44092.6,44102.5,4.503,198566.4721
1704632400000,44102.5,44104.1,44087.3,44087.3,19.072,841042.3137
1704632460000,44087.3,44092.4,44084.9,44092.3,5.863,258505.6018
1704632520000,44092.3,44123,44092.3,44123,22.236,980914.8379
1704632580000,44123,44154.6,44123,44144,74.888,3305695.2404
1704632640000,44144,44144,44136.1,44140.5,22.032,972536.3741
1704632700000,44140.5,44140.6,44133,44139.9,35.928,1585799.4733
1704632760000,44139.9,44140,44136.4,44139.9,10.511,463952.8998
1704632820000,44139.9,44150.9,44139.9,44150.9,13.097,578155.3581
1704632880000,44150.9,44164.1,44150.8,44160.1,50.998,2252114.643
1704632940000,44160.1,44187.3,44153.8,44168.9,124.401,5494975.4513
1704633000000,44168.9,44176.2,44168.9,44176.1,16.15,713418.7931
1704633060000,44176.1,44228.9,44176.1,44224.3,255.17,11280691.4141
1704633120000,44224.3,44247.6,44218.2,44220.6,157.855,6982170.663
1704633180000,44220.6,44265,44217,44217.1,191.125,8455611.6182
1704633240000,44217.1,44245.4,44213.2,44238.6,79.658,3523569.3624
1704633300000,44238.6,44257.5,44220,44245.7,52.864,2338778.3023
1704633360000,44245.7,44265.9,44230,44242.5,100.094,4429139.5499
1704633420000,44242.5,44242.6,44215,44224,114.655,5070513.6472
1704633480000,44224,44270,44223.9,44261.4,139.824,6188441.1251
1704633540000,44261.4,44355,44250.1,44321.3,615.359,27269484.4126
1704633600000,44321.3,44327.6,44261.2,44288.4,228.425,10117252.1532
1704633660000,44288.4,44305.2,44277.9,44301.4,50.61,2241601.9855
1704633720000,44301.4,44330,44293.7,44324.2,99.451,4407156.5214
1704633780000,44324.2,44356,44322,44355.5,132.262,5865031.4561
1704633840000,44355.5,44383.1,44325.7,44347.6,304.476,13505985.5111
1704633900000,44347.6,44364.3,44322.1,44323.9,94.113,4173266.9524
1704633960000,44323.9,44376.6,44322.5,44370.9,96.23,4268386.7873
1704634020000,44370.9,44372.7,44330.2,44357.1,197.204,8745526.3554
1704634080000,44357.1,44357.1,44328.9,44328.9,58.886,2611194.9779
1704634140000,44328.9,44420,44328.9,44396,422.191,18743106.5668
1704634200000,44396,44468.3,44368.8,44448.5,367.226,16314468.0484
1704634260000,44448.5,44448.5,44365,44365,145.573,6462607.6111
1704634320000,44365,44365.1,44316.2,44316.2,150.385,6667955.659
1704634380000,44316.2,44337.3,44300,44315.9,95.42,4228126.2021
1704634440000,44315.9,44317.1,44260.8,44284.9,123.987,5490726.2621
1704634500000,44284.9,44308.1,44273.3,44308.1,76.117,3371761.4489
1704634560000,44308.1,44316,44293.3,44296,76.478,3388423.3603
1704634620000,44296,44311.9,44290,44296.5,62.625,2774169.5503
1704634680000,44296.5,44323.7,44296.5,44322.2,50.995,2259701.7321
1704634740000,44322.2,44384.3,44315.2,44372.7,108.798,4826516.4218
1704634800000,44372.7,44431.5,44366.6,44391.9,216.546,9614969.1393
1704634860000,44391.9,44410,44362.9,44404.6,203.097,9015971.4871
1704634920000,44404.6,44416.8,44378,44393.5,290.842,12912532.5268
1704634980000,44393.5,44393.5,44342.6,44362.7,125.928,5586882.8996
1704635040000,44362.7,44384.8,44361.6,44377.5,88.699,3935555.5667
1704635100000,44377.5,44407.7,44377.2,44392.1,69.675,3093436.9716
1704635160000,44392.1,44392.2,44351.3,44357.5,74.43,3302139.8158
1704635220000,44357.5,44357.6,44316.3,44322,56.242,2493680.6099
1704635280000,44322,44366,44314.4,44364.9,65.169,2889402.0901
1704635340000,44364.9,44397.2,44360,44397.2,54.317,2410210.2138
1704635400000,44397.2,44397.2,44371.8,44376.5,51.297,2277066.137
1704635460000,44376.5,44392.6,44357.6,44392.6,29.583,1312787.3362
1704635520000,44392.6,44392.6,44364.9,44380,60.174,2670346.5722
1704635580000,44380,44388,44365.7,44388,37.51,1664426.3643
1704635640000,44388,44400,44377.6,44381.8,74.353,3300678.1704
1704635700000,44381.8,44395.9,44360.5,44375.4,126.865,5630530.2882
1704635760000,44375.4,44412,44375.3,44400.1,61.236,2718769.6263
1704635820000,44400.1,44400.1,44372.8,44396.7,51.151,2270556.2919
1704635880000,44396.7,44418,44392,44412,44.362,1969885.0155
1704635940000,44412,44427.8,44408.2,44426.7,116.503,5174984.0745
1704636000000,44426.7,44474,44426.6,44464,230.011,10225412.9446
1704636060000,44464,44467.1,44378.2,44411.5,256.922,11409188.6627
1704636120000,44411.5,44420.9,44396.1,44402.4,91.458,4061416.5053
1704636180000,44402.4,44462.2,44402.3,44438.2,126.734,5632287.3357
1704636240000,44438.2,44469.9,44438.2,44463.9,79.132,3517931.7641
1704636300000,44463.9,44509.6,44460.8,44470,312.44,13899666.8355
1704636360000,44470,44488,44466.2,44477.4,74.874,3329974.4346
1704636420000,44477.4,44492.9,44450,44486.1,114.693,5100493.0052
1704636480000,44486.1,44494,44475.1,44475.2,50.766,2258378.0122
1704636540000,44475.2,44478.6,44413.8,44458.7,114.416,5084880.5829
1704636600000,44458.7,44491.8,44425.8,44431.6,121.388,5396481.6365
1704636660000,44431.6,44432,44370.1,44400.1,144.083,6396859.1758
1704636720000,44400.1,44402,44353.9,44366.7,164.369,7292591.0751
1704636780000,44366.7,44394.9,44365,44388,65.188,2892864.9249
1704636840000,44388,44396.8,44366.1,44391.1,33.259,1475982.1423
1704636900000,44391.1,44391.2,44296.4,44308.3,158.2,7013975.5851
1704636960000,44308.3,44369.9,44308.2,44351.9,92.64,4108522.9467
1704637020000,44351.9,44370,44332.1,44370,58.478,2593913.1994
1704637080000,44370,44372,44347.5,44348.1,40.867,1812752.9002
1704637140000,44348.1,44361.3,44329.5,44361.3,34.768,1541725.636
1704637200000,44361.3,44368,44312,44328.2,50.474,2238088.4507
1704637260000,44328.2,44328.3,44300.9,44320.5,46.598,2064892.9742
1704637320000,44320.5,44332,44312.1,44331.9,46.617,2066301.79
1704637380000,44331.9,44348.1,44322,44346.6,42.744,1895160.758
1704637440000,44346.6,44368.3,44346.6,44362.7,31.417,1393572.6544
1704637500000,44362.7,44400,44362.7,44399.9,62.425,2770707.9113
1704637560000,44399.9,44406.8,44353.1,44353.1,113.826,5052506.9338
1704637620000,44353.1,44361.4,44334.5,44352.3,52.273,2318073.3324
1704637680000,44352.3,44372,44352.2,44367.4,23.533,1044067.1297
1704637740000,44367.4,44386.4,44340,44373.4,147.424,6540486.7432
1704637800000,44373.4,44373.4,44324.1,44341.6,73.437,3256168.503
1704637860000,44341.6,44343.3,44305.2,44311.5,182.22,8075261.2012
1704637920000,44311.5,44333.1,44286,44331.4,79.411,3518506.7106
1704637980000,44331.4,44331.5,44302,44321.5,48.918,2167631.0381
1704638040000,44321.5,44347.6,44321.5,44332.8,35.768,1585656.5808
1704638100000,44332.8,44350,44329.7,44347.8,16.847,747061.5096
1704638160000,44347.8,44383.9,44347.7,44382.7,27.236,1208401.9736
1704638220000,44382.7,44400,44374.2,44380,42.993,1908205.0506
1704638280000,44380,44386.8,44372.8,44386.8,14.189,629701.2594
1704638340000,44386.8,44400,44386.7,44394.6,61.482,2729419.035
1704638400000,44394.6,44410,44385.5,44402.4,50.688,2250570.5978
1704638460000,44402.4,44404.8,44390.4,44390.4,44.129,1959379.0807
1704638520000,44390.4,44447,44390.4,44441,45.792,2034246.4735
1704638580000,44441,44441,44403.5,44409,22.07,980238.1632
1704638640000,44409,44415.8,44403.5,44415.7,13.747,610446.5471
1704638700000,44415.7,44415.8,44402.3,44404.9,12.366,549119.6103
1704638760000,44404.9,44417.1,44384.7,44388.2,57.561,2555307.6207
1704638820000,44388.2,44400,44385.4,44393.3,15.042,667766.594
1704638880000,44393.3,44393.3,44367.3,44386.8,16.961,752833.2866
1704638940000,44386.8,44386.9,44358.2,44376,44.163,1959437.6652
1704639000000,44376,44407.6,44371.8,44371.8,35.007,1554134.7403
1704639060000,44371.8,44371.8,44319,44336.8,68.014,3015053.4556
1704639120000,44336.8,44346,44326.3,44346,37.839,1677725.8388
1704639180000,44346,44358.1,44336.6,44348.7,10.144,449854.2313
1704639240000,44348.7,44385.7,44348.6,44378.1,14.819,657454.5123
1704639300000,44378.1,44409,44378.1,44393.9,15.223,675834.6431
1704639360000,44393.9,44394,44385.6,44390,17.496,776634.7676
1704639420000,44390,44394.8,44382,44382,28.135,1248854.2487
1704639480000,44382,44398,44379.5,44389.3,35.465,1574228.5296
1704639540000,44389.3,44418.9,44389.3,44418.9,56.425,2505427.3753
1704639600000,44418.9,44420,44397.6,44398.1,36.244,1609531.9547
1704639660000,44398.1,44398.1,44378,44378,12.988,576472.8832
1704639720000,44378,44378.1,44361.9,44361.9,12.401,550248.2515
1704639780000,44361.9,44389.5,44361.9,44385,38.428,1705172.2501
1704639840000,44385,44410,44372.1,44399.9,19.017,844247.7549
1704639900000,44399.9,44430,44399.9,44422.6,33.536,1489493.7254
1704639960000,44422.6,44444,44422.6,44437,28.547,1268520.5102
1704640020000,44437,44442.5,44436.9,44441.6,31.371,1394094.3714
1704640080000,44441.6,44444,44398.7,44400.1,27.659,1228538.8138
1704640140000,44400.1,44404,44378.1,44404,43.463,1929290.9239
1704640200000,44404,44404,44380,44387.6,10.57,469206.4989
1704640260000,44387.6,44395,44387.6,44394.9,6.899,306265.9665
1704640320000,44394.9,44416.6,44393.2,44408.1,13.615,604534.6496
1704640380000,44408.1,44414,44400.1,44407.2,12.292,545881.7736
1704640440000,44407.2,44409.7,44398,44398,41.322,1834885.6845
1704640500000,44398,44408.2,44370,44375.7,43.056,1911067.6485
1704640560000,44375.7,44378.7,44353,44357.9,51.961,2305212.4318
1704640620000,44357.9,44365.9,44354,44359.6,31.57,1400368.521
1704640680000,44359.6,44359.6,44331.3,44331.3,28.45,1261533.1871
1704640740000,44331.3,44354.4,44300,44330.5,89.75,3978181.82
1704640800000,44330.5,44335.7,44309.9,44335.6,37.19,1648415.0191
1704640860000,44335.6,44338,44300,44300,50.727,2248337.4132
1704640920000,44300,44316,44287.4,44287.4,36.156,1601714.1242
1704640980000,44287.4,44309.4,44263.5,44263.5,133.202,5899213.1431
1704641040000,44263.5,44300.4,44263.5,44296.1,52.76,2336631.4522
1704641100000,44296.1,44301.7,44258,44259,58.144,2574035.2449
1704641160000,44259,44274.1,44215,44215.1,325.409,14397163.1844
1704641220000,44215.1,44245,44172,44184,529.759,23418289.8772
1704641280000,44184,44213.5,44163,44194.5,378.619,16730276.1745
1704641340000,44194.5,44223.4,44190.4,44190.5,68.301,3019253.7611
1704641400000,44190.5,44233.7,44182.1,44233.6,84.394,3730856.5035
1704641460000,44233.6,44256,44215.1,44219.3,122.067,5400323.7356
1704641520000,44219.3,44238,44208.4,44236,101.322,4480458.0363
1704641580000,44236,44254.8,44210.3,44215,87.741,3880667.7447
1704641640000,44215,44222.1,44200.2,44222.1,40.234,1778746.4965
1704641700000,44222.1,44242,44205.4,44205.4,31.134,1376920.5314
1704641760000,44205.4,44221.5,44190,44190.1,84.208,3722368.7877
1704641820000,44190.1,44190.1,44131.1,44131.2,184.586,8149786.0133
1704641880000,44131.2,44159.3,44131.2,44149.8,97.884,4321185.787
1704641940000,44149.8,44157,44121.8,44147,161.198,7115993.2241
1704642000000,44147,44152.7,44086,44111.3,367.679,16216503.7604
1704642060000,44111.3,44144.6,44099.2,44106.6,161.039,7105925.1611
1704642120000,44106.6,44117.9,44072.8,44090,224.241,9886737.6625
1704642180000,44090,44111.2,44085.1,44089,67.527,2977526.9111
1704642240000,44089,44120.1,44083.4,44110.6,44.634,1968366.3627
1704642300000,44110.6,44110.6,44044,44044.1,144.504,6367452.2941
1704642360000,44044.1,44063.4,43935,44016.1,866.577,38117528.788
1704642420000,44016.1,44016.2,43946.6,44000.1,225.312,9907073.1175
1704642480000,44000.1,44031.2,44000,44000.2,216.673,9537757.1839
1704642540000,44000.2,44026.3,43990,43995.1,83.179,3660512.9451
1704642600000,43995.1,44023.1,43957.4,44011.9,168.558,7413378.9749
1704642660000,44011.9,44040.2,43990,44040.1,81.114,3570830.0149
1704642720000,44040.1,44040.1,43990.4,44025.1,229.055,10080078.7125
1704642780000,44025.1,44065.7,44025,44054.1,144.162,6350782.2543
1704642840000,44054.1,44069.4,44047.6,44047.6,75.862,3342355.5149
1704642900000,44047.6,44115.6,44047.6,44105.3,117.405,5177260.1671
1704642960000,44105.3,44106.5,44053.2,44071.8,138.451,6102349.5269
1704643020000,44071.8,44095.4,44064.2,44066.8,79.326,3496458.6722
1704643080000,44066.8,44077.3,44060.9,44064.6,40.588,1788724.1646
1704643140000,44064.6,44075.1,44054,44061,39.932,1759668.1322
1704643200000,44061,44100.1,44054.1,44100.1,213.841,9425608.9588
1704643260000,44100.1,44100.1,44076,44090.1,47.576,2097717.237
1704643320000,44090.1,44104.8,44080,44102.9,36.828,1623903.4859
1704643380000,44102.9,44123,44090,44102.6,90.554,3994338.93
1704643440000,44102.6,44102.6,44071.5,44078.2,34.527,1522121.9159
1704643500000,44078.2,44095.2,44076.9,44076.9,15.395,678674.4292
1704643560000,44076.9,44076.9,44060,44063.6,65.544,2888496.1009
1704643620000,44063.6,44063.6,44043.5,44050,38.532,1697387.3933
1704643680000,44050,44052.8,44002.4,44006.5,104.923,4618905.082
1704643740000,44006.5,44066.1,43988.4,44024.9,241.02,10611694.0716
1704643800000,44024.9,44067.7,44021.3,44067.7,39.489,1739375.9036
1704643860000,44067.7,44100,44062,44099.2,52.11,2297186.8484
1704643920000,44099.2,44113.2,44099.1,44110.9,33.154,1462325.5247
1704643980000,44110.9,44122.9,44093.2,44118,61.516,2713767.035
1704644040000,44118,44125,44102.1,44102.2,33.402,1473602.6108
1704644100000,44102.2,44143.8,44102.1,44141.2,84.959,3749067.3409
1704644160000,44141.2,44160,44135,44141.3,101.394,4476498.8424
1704644220000,44141.3,44169.9,44119.2,44155.3,45.45,2006538.8748
1704644280000,44155.3,44161.3,44150,44150,41.229,1820386.9541
1704644340000,44150,44168.2,44142,44166.1,49.977,2206922.1252
1704644400000,44166.1,44168.9,44145.2,44145.2,41.493,1832370.4206
1704644460000,44145.2,44160.5,44139.9,44159.9,26.464,1168299.3535
1704644520000,44159.9,44159.9,44139.8,44156,17.984,793931.2351
1704644580000,44156,44158,44144.1,44147,21.753,960461.0536
1704644640000,44147,44154.3,44142,44152.1,43.847,1935757.7624
1704644700000,44152.1,44191.2,44152.1,44188.2,61.605,2721463.8618
1704644760000,44188.2,44204.7,44177.2,44192.4,89.735,3965570.1544
1704644820000,44192.4,44192.5,44173.1,44177.3,22.23,982097.9332
1704644880000,44177.3,44188,44173.1,44186.2,14.364,634613.7732
1704644940000,44186.2,44192.4,44181.1,44181.1,19.564,864491.8602
1704645000000,44181.1,44192.5,44167.2,44167.2,53.422,2360037.7343
1704645060000,44167.2,44172.7,44117,44168,133.889,5909967.3685
1704645120000,44168,44195,44162.7,44176.7,57.669,2547790.6703
1704645180000,44176.7,44176.8,44148.1,44148.2,19.941,880787.7641
1704645240000,44148.2,44148.3,44135,44135.1,11.608,512380.8833
1704645300000,44135.1,44135.1,44115.7,44123.2,49.793,2196825.0148
1704645360000,44123.2,44131.3,44114.8,44114.9,30.246,1334508.6221
1704645420000,44114.9,44126,44104.2,44118,83.867,3699447.5791
1704645480000,44118,44118,44111.5,44115.4,18.097,798298.5088
1704645540000,44115.4,44150,44115.3,44125.4,51.382,2267562.5526
1704645600000,44125.4,44125.4,44117.7,44117.7,26.725,1179137.3787
1704645660000,44117.7,44126,44116.7,44117.4,21.593,952635.0407
1704645720000,44117.4,44135.7,44117.3,44128.2,20.946,924237.4757
1704645780000,44128.2,44128.2,44128.1,44128.2,3.323,146637.781
1704645840000,44128.2,44128.2,44124.8,44124.9,17.917,790622.7523
1704645900000,44124.9,44128.2,44070.9,44076.1,92.544,4080362.8088
1704645960000,44076.1,44076.1,44026.8,44057.7,144.745,6376362.4876
1704646020000,44057.7,44072.6,44051.6,44068.7,67.598,2978625.5705
1704646080000,44068.7,44087.7,44044.7,44052.9,58.344,2571035.1577
1704646140000,44052.9,44052.9,44000,44000,166.081,7310607.8427
1704646200000,44000,44012.3,43863.9,43961.5,848.437,37267234.8248
1704646260000,43961.5,43983.5,43940.1,43940.1,206.521,9078537.3244
1704646320000,43940.1,43971.9,43925.3,43971.9,134.731,5921983.9464
1704646380000,43971.9,43971.9,43902.3,43915.8,150.788,6623034.5052
1704646440000,43915.8,43925,43835.9,43875.6,431.959,18948889.5
1704646500000,43875.6,43943.5,43861.5,43943.5,220.038,9661799.9435
1704646560000,43943.5,43943.5,43910,43930.2,67.719,2974895.0691
1704646620000,43930.2,43971.6,43917.8,43944,70.683,3106375.6032
1704646680000,43944,43961.2,43938.8,43953.7,33.558,1474906.1249
1704646740000,43953.7,43958.7,43920.8,43922.8,60.787,2671411.0399
1704646800000,43922.8,43944.7,43890,43904.4,267.178,11733144.9807
1704646860000,43904.4,43920.6,43870,43872,119.071,5226697.6794
1704646920000,43872,43910,43809.3,43836.8,287.514,12603691.7473
1704646980000,43836.8,43846.4,43639.6,43829.5,1404.66,61467084.407
1704647040000,43829.5,43859.7,43784.3,43859.7,198.234,8688471.1046
1704647100000,43859.7,43900.3,43813.3,43894.7,181.595,7965517.2371
1704647160000,43894.7,43936.6,43880,43921.9,303.822,13340186.9227
1704647220000,43921.9,43963,43904.9,43912.9,222.181,9762115.8142
1704647280000,43912.9,43922.4,43881.1,43904.9,97.619,4285067.2939
1704647340000,43904.9,43929.2,43903.3,43917.1,73.829,3241971.8639
1704647400000,43917.1,43948.3,43909.4,43930.2,74.536,3274283.7481
1704647460000,43930.2,43979.2,43930.2,43967.4,130.948,5756530.1992
1704647520000,43967.4,43996,43960,43982.1,122.302,5379323.4649
1704647580000,43982.1,43989.3,43958.9,43968.8,108.426,4768130.8224
1704647640000,43968.8,44037.9,43962.1,44032.1,243.92,10734589.9296
1704647700000,44032.1,44037.9,43986.3,44009.1,103.366,4549288.2411
1704647760000,44009.1,44014.5,43984.2,43984.3,37.218,1637636.7078
1704647820000,43984.3,43999.2,43984.3,43985,13.198,580599.5695
1704647880000,43985,44016.4,43985,43991.8,44.924,1976650.9412
1704647940000,43991.8,43993.2,43978.8,43985,25.645,1128042.1322
1704648000000,43985,44018.5,43982.5,44011.4,44.971,1978840.4907
1704648060000,44011.4,44026.6,43995,44016,17.193,756645.1629
1704648120000,44016,44044.4,44005.2,44020.1,116.394,5124469.0191
1704648180000,44020.1,44040.2,44020,44025.6,46.976,2068407.0865
1704648240000,44025.6,44029.3,44009.3,44009.3,31.269,1376360.9846
1704648300000,44009.3,44016,44000,44016,10.165,447309.2006
1704648360000,44016,44027.9,44005.9,44009.9,32.449,1428324.3126
1704648420000,44009.9,44011.5,43978.9,43978.9,22.589,993899.8311
1704648480000,43978.9,43999.2,43978.8,43993.9,12.359,543657.7966
1704648540000,43993.9,44006.9,43984,44006.9,15.818,695880.171
1704648600000,44006.9,44012.9,43994.4,44003.8,13.842,609115.5305
1704648660000,44003.8,44019,44003.8,44012.1,12.138,534231.1042
1704648720000,44012.1,44012.1,43987.6,44004.3,13.418,590399.7276
1704648780000,44004.3,44012,43996,43997,19.688,866324.1136
1704648840000,43997,43997.1,43972.7,43973.9,30.937,1360608.3688
1704648900000,43973.9,43982,43937.1,43939.8,72.984,3207775.775
1704648960000,43939.8,43972.4,43939.8,43955.9,61.221,2691201.4921
1704649020000,43955.9,43956,43938,43938.1,15.966,701640.3868
1704649080000,43938.1,43985,43938,43970,33.335,1465659.7369
1704649140000,43970,43978.2,43960,43967,8.618,378965.2073
1704649200000,43967,43978,43965.4,43973.9,4.795,210847.3477
1704649260000,43973.9,43987.1,43968,43981.3,12.438,547006.4136
1704649320000,43981.3,43998.2,43981.3,43995.8,21.23,933944.6215
1704649380000,43995.8,44009.2,43992.1,44009.2,12.325,542343.8431
1704649440000,44009.2,44021.5,44004.6,44004.6,20.713,911677.6259
1704649500000,44004.6,44023.5,43998.1,44023.4,16.751,737230.7147
1704649560000,44023.4,44055.3,44020,44052,111.404,4906476.5896
1704649620000,44052,44118.9,44052,44082.1,226.241,9974273.0166
1704649680000,44082.1,44082.1,44046.4,44060.6,77.992,3436206.7279
1704649740000,44060.6,44065.9,44036.6,44036.6,32.4,1427418.5035
1704649800000,44036.6,44056,44036.6,44043.3,28.735,1265697.147
1704649860000,44043.3,44051.9,44039,44039,17.931,789824.2391
1704649920000,44039,44044,44000,44023.8,55.403,2438646.1396
1704649980000,44023.8,44034.8,44023.8,44028.1,7.752,341303.2596
1704650040000,44028.1,44031.3,44016,44016,10.134,446195.0785
1704650100000,44016,44054,44010.1,44043.5,37.887,1668330.9412
1704650160000,44043.5,44057.8,44028.1,44057.7,11.477,505490.4975
1704650220000,44057.7,44070,44053,44066.5,20.874,919752.2098
1704650280000,44066.5,44084,44063.5,44083.9,47.707,2102443.9956
1704650340000,44083.9,44084,44063.5,44070.9,33.094,1458652.2612
1704650400000,44070.9,44100,44070.9,44100,31.176,1374297.9176
1704650460000,44100,44110.9,44091.4,44099.9,38.601,1702414.8216
1704650520000,44099.9,44104,44084.2,44090.5,22.246,980982.7203
1704650580000,44090.5,44090.6,44078.9,44079,7.308,322165.2003
1704650640000,44079,44086.5,44078.9,44085.7,4.969,219052.6443
1704650700000,44085.7,44090,44070.9,44077.9,13.984,616394.7102
1704650760000,44077.9,44090,44059.1,44064,22.742,1002218.1088
1704650820000,44064,44065.7,44042.8,44047.9,17.599,775278.5734
1704650880000,44047.9,44052,44037.9,44040.7,6.917,304647.9253
1704650940000,44040.7,44064,44040.7,44059.2,12.087,532462.2679
1704651000000,44059.2,44110.8,44059.2,44104,73.281,3231540.6331
1704651060000,44104,44145.5,44102.5,44140.1,89.705,3958381.4041
1704651120000,44140.1,44150,44122,44125.2,109.441,4830361.0863
1704651180000,44125.2,44127.6,44110.3,44110.4,43.17,1904662.9713
1704651240000,44110.4,44129.9,44110.3,44118,26.073,1150309.1226
1704651300000,44118,44147.1,44116.6,44142,18.38,811155.625
1704651360000,44142,44150.8,44140.4,44150.8,20.497,904837.6785
1704651420000,44150.8,44173.3,44149,44151,70.715,3122909.3801
1704651480000,44151,44151,44135.4,44139.2,30.25,1335268.6705
1704651540000,44139.2,44146.5,44132.5,44136.1,12.96,572034.4031
1704651600000,44136.1,44149.9,44136.1,44139.8,10.137,447473.5738
1704651660000,44139.8,44163.4,44139.8,44145,15.038,664019.7237
1704651720000,44145,44148,44117.8,44127.8,18.564,819152.6661
1704651780000,44127.8,44140,44119.9,44125.9,14.607,644667.0828
1704651840000,44125.9,44126,44111,44119.9,15.499,683752.2251
1704651900000,44119.9,44120,44108.5,44116,11.388,502369.4726
1704651960000,44116,44117.6,44105.9,44105.9,20.741,914852.3001
1704652020000,44105.9,44119.2,44100,44116,35.088,1547589.3522
1704652080000,44116,44129.9,44116,44120.9,20.3,895738.9227
1704652140000,44120.9,44127.2,44105.1,44113.8,12.075,532700.585
1704652200000,44113.8,44134.2,44108.8,44134.2,28.779,1269741.1449
1704652260000,44134.2,44141.6,44130.1,44135.6,8.949,394971.759
1704652320000,44135.6,44164,44135.6,44152.3,69.342,3061826.9133
1704652380000,44152.3,44170,44152.2,44163.3,19.738,871720.7958
1704652440000,44163.3,44168,44161,44161.1,19.933,880313.786
1704652500000,44161.1,44161.1,44142,44149.6,47.513,2098092.4703
1704652560000,44149.6,44184.9,44149.6,44180.9,57.084,2521762.8352
1704652620000,44180.9,44181,44158.7,44168.1,20.517,906172.4591
1704652680000,44168.1,44170,44166,44166.1,6.355,280690.7891
1704652740000,44166.1,44166.1,44155,44162.3,9.593,423639.6903
1704652800000,44162.3,44167.8,44159,44159,4.924,217448.3893
1704652860000,44159,44175.9,44159,44171,31.072,1372469.0782
1704652920000,44171,44176.7,44163.3,44174.1,11.863,524002.8039
1704652980000,44174.1,44174.1,44161.7,44167.7,22.888,1010878.7156
1704653040000,44167.7,44171.5,44153,44158.3,8.352,368855.937
1704653100000,44158.3,44176.4,44158.3,44176.3,13.007,574551.3332
1704653160000,44176.3,44184.5,44176.3,44184.4,13.03,575685.5681
1704653220000,44184.4,44184.5,44158.8,44158.8,135.04,5965359.5358
1704653280000,44158.8,44168.7,44158.2,44168.7,16.532,730138.7026
1704653340000,44168.7,44168.7,44144.7,44150.5,26.103,1152508.8486
1704653400000,44150.5,44189.9,44141.5,44178.2,73.515,3247360.9455
1704653460000,44178.2,44178.2,44156.8,44166,9.436,416710.2538
1704653520000,44166,44166,44140.4,44140.5,17.188,758860.9261
1704653580000,44140.5,44140.5,44133.2,44138,17.477,771403.6091
1704653640000,44138,44138,44112.3,44115.1,116.327,5132269.0373
1704653700000,44115.1,44115.1,44093.5,44105.8,90.885,4008285.1214
1704653760000,44105.8,44113.7,44105.8,44113.7,10.404,458899.5496
1704653820000,44113.7,44113.7,44106.4,44110,31.164,1374651.3304
1704653880000,44110,44123.2,44109.9,44120.5,24.564,1083718.2124
1704653940000,44120.5,44121.9,44106.4,44106.5,7.892,348178.2397
1704654000000,44106.5,44119.9,44102.1,44102.2,11.648,513734.1591
1704654060000,44102.2,44102.2,44080.4,44086.4,34.884,1538125.7975
1704654120000,44086.4,44095.9,44085.8,44095.8,8.21,361962.6574
1704654180000,44095.8,44095.9,44064.1,44074,18.82,829556.05
1704654240000,44074,44087.1,44050.2,44087.1,50.611,2230297.2504
1704654300000,44087.1,44087.1,44076.5,44080,10.255,452079.2825
1704654360000,44080,44086.9,44075,44086.9,10.775,474986.0405
1704654420000,44086.9,44086.9,44058.7,44058.8,11.738,517364.4523
1704654480000,44058.8,44061,44050.2,44050.2,36.288,1598740.4518
1704654540000,44050.2,44055.6,44050.2,44055,19.249,847957.5531
1704654600000,44055,44070,44054.9,44069.9,21.994,969024.9158
1704654660000,44069.9,44070,44069.9,44070,1.509,66501.5569
1704654720000,44070,44080,44069.9,44080,13.667,602384.5147
1704654780000,44080,44080,44079.9,44080,5.135,226350.4629
1704654840000,44080,44085.2,44080,44082,9.251,407817.135
1704654900000,44082,44089.6,44081.9,44086.3,11.579,510478.242
1704654960000,44086.3,44086.3,44066,44066.2,7.147,314985.4989
1704655020000,44066.2,44070.5,44058.7,44068,11.252,495786.1731
1704655080000,44068,44068,44058.7,44067.5,9.877,435223.3487
1704655140000,44067.5,44072.8,44064.6,44071.4,4.108,181041.8699
1704655200000,44071.4,44071.8,44066.7,44071.8,5.287,232999.3324
1704655260000,44071.8,44073.9,44062.2,44066.2,3.145,138595.8999
1704655320000,44066.2,44066.2,44042.3,44042.3,23.02,1014073.3047
1704655380000,44042.3,44053.9,44042.3,44047.8,20.683,911029.5159
1704655440000,44047.8,44073.8,44047.8,44073.8,10.506,462845.3803
1704655500000,44073.8,44091.3,44062.7,44090.1,24.422,1076381.6322
1704655560000,44090.1,44111,44090,44111,31.437,1386392.5603
1704655620000,44111,44111,44106.8,44110,13.491,595066.8053
1704655680000,44110,44110.1,44103.9,44104.1,9.407,414902.5651
1704655740000,44104.1,44164.2,44104,44163,246.388,10875156.5964
1704655800000,44163,44163,44152.9,44152.9,23.544,1039688.1206
1704655860000,44152.9,44157.3,44134.3,44139.5,27.38,1208854.3113
1704655920000,44139.5,44143.5,44137.7,44143.2,3.223,142270.1238
1704655980000,44143.2,44155.6,44118.8,44118.8,25.62,1130796.071
1704656040000,44118.8,44133.9,44118.8,44130,10.355,456964.7821
1704656100000,44130,44159.9,44130,44159.9,10.398,459019.8863
1704656160000,44159.9,44217.7,44159.8,44197.2,217.364,9605681.4388
1704656220000,44197.2,44231.2,44191.7,44209.9,128.475,5679091.7927
1704656280000,44209.9,44210,44179.1,44183.8,14.195,627309.8061
1704656340000,44183.8,44193.2,44177.9,44186.6,8.417,371917.6876
1704656400000,44186.6,44213.4,44180.7,44213.4,123.409,5454864.4323
1704656460000,44213.4,44245.7,44213.3,44224.5,73.121,3234409.0453
1704656520000,44224.5,44224.5,44200,44200,17.942,793229.3983
1704656580000,44200,44206.2,44193.2,44193.2,11.633,514200.3012
1704656640000,44193.2,44218,44187.1,44206.7,52.827,2335098.6149
1704656700000,44206.7,44212.7,44194,44200,24.345,1076155.4989
1704656760000,44200,44200,44188.8,44188.8,7.308,322988.0517
1704656820000,44188.8,44195,44188.8,44193.4,2.375,104959.3137
1704656880000,44193.4,44208,44193.3,44207.7,53.072,2345772.2267
1704656940000,44207.7,44223.9,44202,44202.1,7.214,318970.7165
1704657000000,44202.1,44210,44195.7,44202.6,29.568,1306997.0903
1704657060000,44202.6,44211.3,44202.5,44209.9,31.549,1394654.6111
1704657120000,44209.9,44227,44209.9,44227,38.477,1701405.853
1704657180000,44227,44240,44224.1,44239.9,13.99,618776.1971
1704657240000,44239.9,44272.9,44229.9,44250.1,151.895,6721216.3809
1704657300000,44250.1,44250.1,44222.3,44232.5,25.969,1148814.6995
1704657360000,44232.5,44244.6,44220.3,44244.5,22.323,987418.0068
1704657420000,44244.5,44246,44237.2,44240.1,27.234,1204864.4958
1704657480000,44240.1,44240.1,44220.2,44232,42.284,1870271.4875
1704657540000,44232,44250,44232,44249.9,6.146,271910.2661
1704657600000,44249.9,44251.9,44225.4,44250.4,13.879,614014.4887
1704657660000,44250.4,44256.5,44242.1,44242.1,14.045,621561.159
1704657720000,44242.1,44242.1,44227.5,44238.5,20.428,903599.5187
1704657780000,44238.5,44238.6,44222.8,44229.9,10.784,477003.7053
1704657840000,44229.9,44239.2,44209.8,44239.1,28.935,1279490.8547
1704657900000,44239.1,44239.2,44218.2,44219.9,11.218,496185.711
1704657960000,44219.9,44229.5,44218.1,44225,8.656,382799.1047
1704658020000,44225,44255.1,44224.9,44255.1,46.141,2041385.9948
1704658080000,44255.1,44273.4,44255.1,44273.3,39.093,1730403.4241
1704658140000,44273.3,44277.5,44260,44274.8,67.338,2981110.4511
1704658200000,44274.8,44280,44264,44268,20.929,926600.7842
1704658260000,44268,44274.5,44242.5,44255.7,29.483,1304810.4895
1704658320000,44255.7,44256.8,44230,44245.4,7.382,326587.7789
1704658380000,44245.4,44246.5,44230,44234.9,8.53,377314.8358
1704658440000,44234.9,44239.3,44234.9,44234.9,10.253,453557.4193
1704658500000,44234.9,44249.9,44230,44232.5,15.167,670959.9059
1704658560000,44232.5,44232.5,44176.4,44198.7,74.519,3293481.3708
1704658620000,44198.7,44198.7,44181.9,44182.1,12.533,553808.5613
1704658680000,44182.1,44188,44158.4,44188,66.552,2939718.0844
1704658740000,44188,44194.8,44187.9,44194.8,10.101,446382.4945
1704658800000,44194.8,44194.9,44174,44181.2,15.752,696029.0403
1704658860000,44181.2,44188.7,44170,44188.6,9.556,422192.3537
1704658920000,44188.6,44195.2,44186.4,44186.4,12.826,566830.1905
1704658980000,44186.4,44188.2,44174.1,44174.1,10.34,456844.7868
1704659040000,44174.1,44195.5,44174.1,44190,12.624,557864.0597
1704659100000,44190,44198.4,44190,44194.9,4.768,210722.293
1704659160000,44194.9,44217.2,44180.5,44216.6,28.246,1248437.1245
1704659220000,44216.6,44216.6,44212.1,44212.8,6.58,290919.7514
1704659280000,44212.8,44212.8,44203.3,44203.3,15.627,690817.9156
1704659340000,44203.3,44215.2,44202,44215,20.522,907173.171
1704659400000,44215,44215.1,44204.8,44205.8,6.021,266174.4432
1704659460000,44205.8,44205.8,44201.1,44203.9,5.966,263717.4959
1704659520000,44203.9,44203.9,44176.4,44192,17.305,764753.4279
1704659580000,44192,44192,44174.6,44191.8,24.232,1070504.7589
1704659640000,44191.8,44194.2,44178.8,44194.2,5.823,257286.7737
1704659700000,44194.2,44203,44194.1,44199.8,3.895,172165.3827
1704659760000,44199.8,44199.9,44190.8,44194.1,9.074,401029.8201
1704659820000,44194.1,44194.1,44180,44182.5,7.099,313662.6841
1704659880000,44182.5,44182.5,44152.7,44155.8,19.227,849072.7758
1704659940000,44155.8,44159.7,44131.1,44152,46.494,2052604.4399
1704660000000,44152,44162.2,44138.5,44162.2,13.169,581405.1234
1704660060000,44162.2,44180,44151.7,44178.3,37.811,1670035.9361
1704660120000,44178.3,44185.3,44163.1,44170.9,28.483,1258297.1358
1704660180000,44170.9,44177,44159.4,44163.3,13.772,608251.4916
1704660240000,44163.3,44172,44163.3,44167.6,2.994,132241.4045
1704660300000,44167.6,44167.9,44155,44158,17.007,751047.3433
1704660360000,44158,44176,44157.9,44170.6,12.194,538572.1592
1704660420000,44170.6,44176,44165,44172.4,3.38,149311.298
1704660480000,44172.4,44180,44168.5,44168.6,6.227,275085.4445
1704660540000,44168.6,44171.8,44159,44166.1,21.651,956302.2837
1704660600000,44166.1,44180,44165.7,44168.5,5.771,254930.8643
1704660660000,44168.5,44168.5,44130,44141.4,64.017,2826114.5265
1704660720000,44141.4,44157.4,44141.3,44157.4,19.282,851252.7007
1704660780000,44157.4,44169,44150,44163,27.745,1225355.0773
1704660840000,44163,44163,44140.2,44140.2,8.611,380216.6856
1704660900000,44140.2,44152,44140,44145.6,24,1059526.8682
1704660960000,44145.6,44157.2,44145.6,44157.1,11.272,497621.7875
1704661020000,44157.1,44157.2,44152.2,44154.6,4.075,179930.4655
1704661080000,44154.6,44154.7,44142.4,44142.4,5.507,243144.4188
1704661140000,44142.4,44150,44120,44125,138.683,6120889.8795
1704661200000,44125,44142.8,44112.4,44139.5,52,2294363.6052
1704661260000,44139.5,44139.5,44118.7,44118.7,12.261,541050.9642
1704661320000,44118.7,44149.8,44118.7,44148.1,36.162,1596317.8657
1704661380000,44148.1,44173.9,44148,44170,14.671,647961.7517
1704661440000,44170,44176.4,44170,44176.4,13.947,616073.6685
1704661500000,44176.4,44187.1,44175.5,44177,35.315,1560205.5081
1704661560000,44177,44183.7,44176.9,44181.5,13.095,578547.6249
1704661620000,44181.5,44181.5,44162,44165.6,29.968,1323711.2462
1704661680000,44165.6,44165.6,44160.8,44164,15.883,701469.1109
1704661740000,44164,44185.8,44164,44170,59.569,2631593.8544
1704661800000,44170,44187.1,44170,44183.9,17.203,759999.1985
1704661860000,44183.9,44198,44183.9,44187.4,24.405,1078555.5869
1704661920000,44187.4,44209.9,44187.4,44203.1,36.417,1609653.6651
1704661980000,44203.1,44226.7,44203,44216,113.302,5010147.9808
1704662040000,44216,44216.1,44210,44210.6,6.987,308907.9416
1704662100000,44210.6,44210.7,44197,44200.5,4.437,196133.9143
1704662160000,44200.5,44215.4,44198.4,44198.4,15.475,684098.2255
1704662220000,44198.4,44204.7,44188.8,44202.1,14.039,620473.6606
1704662280000,44202.1,44234.5,44202.1,44234.5,42.372,1873652.1805
1704662340000,44234.5,44234.5,44208.4,44208.4,11.1,490902.1955
1704662400000,44208.4,44225.2,44208.4,44225.2,19.176,847898.8577
1704662460000,44225.2,44230.7,44225,44225.1,27.546,1218227.474
1704662520000,44225.1,44249.8,44225,44236.2,45.256,2002195.4689
1704662580000,44236.2,44245.4,44223.1,44227.6,21.042,930703.0919
1704662640000,44227.6,44231.5,44227.6,44231.4,5.61,248123.3892
1704662700000,44231.4,44237.8,44216.6,44237.8,28.723,1270416.5982
1704662760000,44237.8,44249,44237.8,44244.5,15.304,677109.7071
1704662820000,44244.5,44244.6,44237.2,44237.8,25.464,1126567.7039
1704662880000,44237.8,44249.9,44237.8,44249.9,18.279,808688.8669
1704662940000,44249.9,44263.2,44249.9,44251,38.011,1682313.6952
1704663000000,44251,44251,44187.5,44205.4,164.318,7265665.4239
1704663060000,44205.4,44240.5,44205.4,44232.8,16.523,730874.6738
1704663120000,44232.8,44237.7,44211.3,44211.4,32.156,1422270.0372
1704663180000,44211.4,44215.9,44200,44215.9,16.731,739664.073
1704663240000,44215.9,44215.9,44215.8,44215.8,12.659,559728.7923
1704663300000,44215.8,44215.9,44177,44180.4,88.807,3925003.219
1704663360000,44180.4,44190,44180,44186.8,32.165,1421213.4623
1704663420000,44186.8,44186.8,44150.9,44159.5,65.258,2882112.2186
1704663480000,44159.5,44160.2,44140.4,44149.6,101.99,4502788.5408
1704663540000,44149.6,44154.1,44142.8,44146,25.099,1108078.678
1704663600000,44146,44159.1,44146,44158.8,21.811,963013.1736
1704663660000,44158.8,44158.8,44136,44147.5,32.792,1447756.8766
1704663720000,44147.5,44192.2,44147.5,44192.2,23.081,1019437.2137
1704663780000,44192.2,44196.4,44192.1,44196.3,29.514,1304339.9498
1704663840000,44196.3,44196.4,44182.1,44189.3,21.469,948760.8995
1704663900000,44189.3,44198.5,44170.7,44184.3,35.142,1552932.8175
1704663960000,44184.3,44186.1,44160.9,44164.1,21.777,962061.5477
1704664020000,44164.1,44202.7,44164.1,44202.7,19.883,878450.4025
1704664080000,44202.7,44203.1,44202.6,44203.1,12.726,562528.1506
1704664140000,44203.1,44203.8,44168.6,44170.1,76.455,3378032.6219
1704664200000,44170.1,44185.6,44170,44185.6,19.139,845419.3371
1704664260000,44185.6,44186.2,44176.9,44186.2,15.49,684373.8272
1704664320000,44186.2,44199.3,44186.2,44199.3,22.773,1006498.056
1704664380000,44199.3,44205,44193.9,44194.1,23.635,1044730.3159
1704664440000,44194.1,44197.3,44194,44197.2,2.307,101958.9388
1704664500000,44197.2,44219.9,44197.2,44219.9,32.744,1447499.0626
1704664560000,44219.9,44239.9,44219.8,44239.8,21.248,939730.4907
1704664620000,44239.8,44242,44232,44242,18.155,803159.8734
1704664680000,44242,44242.6,44232.2,44236.7,21.937,970482.9882
1704664740000,44236.7,44249,44236.7,44243.9,26.597,1176792.3938
1704664800000,44243.9,44243.9,44204.6,44210.7,70.51,3118245.1574
1704664860000,44210.7,44210.8,44190,44196.3,35.157,1553817.6389
1704664920000,44196.3,44219.6,44196.3,44200,8.79,388573.6241
1704664980000,44200,44211.4,44194.6,44194.6,12.269,542313.3015
1704665040000,44194.6,44194.7,44180,44190.4,16.786,741719.9279
1704665100000,44190.4,44190.5,44155,44164.1,64.05,2829142.3986
1704665160000,44164.1,44209,44164.1,44209,20.227,893856.1143
1704665220000,44209,44209,44143,44143.2,18.947,836944.9223
1704665280000,44143.2,44150,44115.8,44148.3,56.858,2509334.2024
1704665340000,44148.3,44170.4,44142,44168.3,67.396,2975484.6739
1704665400000,44168.3,44189.2,44161.6,44189.1,13.756,607639.3466
1704665460000,44189.1,44200,44186.8,44190.2,23.073,1019628.8717
1704665520000,44190.2,44198,44190,44195,2.588,114366.9809
1704665580000,44195,44199.4,44184.2,44184.2,35.002,1546814.4194
1704665640000,44184.2,44200.9,44184.2,44192.1,58.175,2571206.1147
1704665700000,44192.1,44204.2,44180,44198.1,20.448,903621.6576
1704665760000,44198.1,44198.1,44065.3,44089.9,197.318,8705523.7875
1704665820000,44089.9,44110.5,44050,44066.1,178.902,7883536.7636
1704665880000,44066.1,44096.7,43984.4,43995.8,415.583,18294290.786
1704665940000,43995.8,44023.9,43950.3,43952,147.011,6465367.8688
1704666000000,43952,44031,43926,44029.5,278.505,12244315.28
1704666060000,44029.5,44034,44012,44020.1,49.639,2185375.6383
1704666120000,44020.1,44026.8,43968.7,43975.9,67.862,2985799.4369
1704666180000,43975.9,43993.8,43970.2,43993.7,41.573,1828616.9346
1704666240000,43993.7,44030.2,43993.7,44030.2,39.046,1718670.4156
1704666300000,44030.2,44035.9,44012,44027.8,73.461,3234157.5592
1704666360000,44027.8,44069.1,44027.8,44066,40.366,1778176.4086
1704666420000,44066,44069.9,44011.9,44026.6,44.976,1981206.4379
1704666480000,44026.6,44029.9,43969,43970,129.619,5701832.1618
1704666540000,43970,43986,43969.9,43976.8,46.913,2063141.1335
1704666600000,43976.8,43976.8,43948.1,43948.1,61.507,2704217.1133
1704666660000,43948.1,43948.1,43769.4,43822.9,904.877,39681515.3759
1704666720000,43822.9,43888.6,43811.8,43844,256.573,11251185.3427
1704666780000,43844,43857.8,43830.5,43830.5,135.622,5946537.5147
1704666840000,43830.5,43830.5,43789.1,43795.9,170.104,7450687.0841
1704666900000,43795.9,43852.6,43794.5,43796.1,89.959,3942003.9938
1704666960000,43796.1,43796.2,43768.9,43768.9,134.657,5896480.1401
1704667020000,43768.9,43891,43768.9,43864,137.227,6015459.3256
1704667080000,43864,43933.1,43863.9,43930.1,128.287,5631268.6082
1704667140000,43930.1,43937.8,43897.9,43908.1,57.449,2522981.8353
1704667200000,43908.1,43911.9,43883.8,43908.7,44.464,1951790.7163
1704667260000,43908.7,43977.1,43908.6,43970.2,68.781,3022471.7202
1704667320000,43970.2,43973.8,43947,43952.4,99.485,4373355.7622
1704667380000,43952.4,43952.5,43948,43951.7,14.993,658960.5621
1704667440000,43951.7,43987.8,43949.5,43977.9,68.942,3031028.6883
1704667500000,43977.9,43978,43890.4,43890.4,66.997,2944014.9036
1704667560000,43890.4,43919.4,43850,43916.2,97.952,4297942.8316
1704667620000,43916.2,43945,43912.7,43926.3,42.595,1871112.1927
1704667680000,43926.3,43948.9,43926.3,43948.9,19.712,866162.4698
1704667740000,43948.9,43950,43924.3,43924.4,52.019,2285561.4444
1704667800000,43924.4,43925.3,43904.4,43904.4,31.43,1380134.9266
1704667860000,43904.4,43904.5,43870,43870,18.787,824483.4409
1704667920000,43870,43921.7,43859.6,43921.7,81.322,3569757.4059
1704667980000,43921.7,43955.3,43921.6,43928.1,67.349,2959159.9489
1704668040000,43928.1,43938,43910,43937.9,27.14,1192070.3716
1704668100000,43937.9,43948,43933.6,43948,25.652,1127113.4214
1704668160000,43948,43948,43868,43868,75.987,3336452.1082
1704668220000,43868,43884,43868,43884,23.692,1039488.6797
1704668280000,43884,43900,43862.3,43870.2,97.361,4272506.3895
1704668340000,43870.2,43881.4,43817.1,43863.2,99.183,4348218.6521
1704668400000,43863.2,43874.6,43817.5,43872,114.101,5003986.6127
1704668460000,43872,43936.3,43850,43925.6,136.767,6002356.0372
1704668520000,43925.6,43955.8,43925.5,43951.8,55.231,2426965.616
1704668580000,43951.8,43968.2,43932.5,43956.5,54.353,2388941.7791
1704668640000,43956.5,43979,43954.1,43969.8,42.325,1860932.5364
1704668700000,43969.8,44016.9,43953.3,44007.5,130.804,5753415.0276
1704668760000,44007.5,44007.5,43973.6,43987,64.598,2841624.4689
1704668820000,43987,44016.5,43980.3,44013,109.973,4838850.7655
1704668880000,44013,44028.7,43967.1,43969.9,114.87,5054755.3277
1704668940000,43969.9,43977.1,43936.5,43936.5,148.32,6521027.145
1704669000000,43936.5,43964,43935.2,43943.1,32.19,1414582.2143
1704669060000,43943.1,43973.8,43926.5,43973.8,51.526,2264173.3279
1704669120000,43973.8,43992.3,43941.4,43941.4,54.628,2401962.1387
1704669180000,43941.4,43966.4,43941.4,43959,23.725,1042928.7891
1704669240000,43959,43966.3,43950,43955.5,14.544,639318.8158
1704669300000,43955.5,43977.4,43906.6,43917.4,37.707,1656593.9875
1704669360000,43917.4,43930.6,43908.2,43930.6,18.201,799360.8991
1704669420000,43930.6,43934.1,43915.2,43925.7,7.783,341858.975
1704669480000,43925.7,43928,43890,43905,18.495,812077.9134
1704669540000,43905,43927.5,43890,43913.8,21.806,957325.7588
1704669600000,43913.8,43935.5,43901.9,43928.3,15.717,690302.0895
1704669660000,43928.3,43950,43928.2,43937.9,11.379,500039.8205
1704669720000,43937.9,43937.9,43893.8,43893.8,41.202,1808960.994
1704669780000,43893.8,43908.7,43852,43852,60.506,2654261.6597
1704669840000,43852,43852.1,43776.5,43786.1,312.176,13676841.7189
1704669900000,43786.1,43850,43750.9,43844.8,209.612,9180025.8702
1704669960000,43844.8,43858.1,43808.3,43845.9,59.074,2589640.6599
1704670020000,43845.9,43845.9,43790.2,43792.3,55.113,2414211.3266
1704670080000,43792.3,43836.1,43720.3,43822.8,316.795,13862673.6722
1704670140000,43822.8,43822.8,43735.9,43748.5,221.627,9699212.171
1704670200000,43748.5,43776.8,43696.1,43732.9,269.307,11775791.5359
1704670260000,43732.9,43789,43732.8,43789,115.18,5041414.5199
1704670320000,43789,43790,43753.1,43754.2,43.789,1916805.3712
1704670380000,43754.2,43754.2,43665.5,43701.1,460.266,20109028.7331
1704670440000,43701.1,43750.6,43701.1,43729.3,89.209,3900487.1291
1704670500000,43729.3,43765.3,43729.3,43751.1,99.769,4364222.3601
1704670560000,43751.1,43826.2,43728,43815.2,331.492,14511214.4622
1704670620000,43815.2,43888.5,43801.2,43863.7,382.321,16759204.6844
1704670680000,43863.7,43863.7,43811.5,43821.9,128.622,5637576.5303
1704670740000,43821.9,43836.4,43751.4,43751.4,157.689,6905191.1684
1704670800000,43751.4,43773.3,43714.1,43722,183.681,8033410.5949
1704670860000,43722,43753.9,43721.6,43721.6,63.542,2778864.5616
1704670920000,43721.6,43742,43697.7,43732.6,35.283,1542453.3661
1704670980000,43732.6,43738.7,43650,43654.5,362.875,15849856.108
1704671040000,43654.5,43670,43577,43624,624.367,27231421.5851
1704671100000,43624,43671.9,43624,43640.3,228.696,9982700.6701
1704671160000,43640.3,43700.3,43640.2,43700.3,133.516,5831883.7319
1704671220000,43700.3,43749.8,43679.6,43740,110.646,4836666.7608
1704671280000,43740,43745.2,43722,43743.7,31.145,1362087.5978
1704671340000,43743.7,43774.9,43740,43774.9,50.147,2194497.3621
1704671400000,43774.9,43778.6,43748.6,43761.7,40.061,1753091.6554
1704671460000,43761.7,43786,43761.7,43785.8,26.072,1141194.9225
1704671520000,43785.8,43811.2,43783.9,43800.1,43.38,1899996.9614
1704671580000,43800.1,43860,43783.4,43845.4,267.209,11709486.9386
1704671640000,43845.4,43860,43836,43857.8,118.858,5212105.6936
1704671700000,43857.8,43925.6,43850,43894.1,291.262,12784758.3519
1704671760000,43894.1,43936.8,43894.1,43928.1,158.121,6943761.9363
1704671820000,43928.1,43932.7,43904.3,43917.2,129.231,5676257.2535
1704671880000,43917.2,43932.8,43917.2,43929.9,60.274,2647591.2051
1704671940000,43929.9,43936.2,43920,43936.2,59.236,2602174.5322
1704672000000,43936.2,43936.2,43873.9,43903,257.04,11282781.7789
1704672060000,43903,43935.2,43903,43924.1,52.518,2306915.3037
1704672120000,43924.1,43947.4,43924,43946.4,39.805,1749007.6863
1704672180000,43946.4,43946.4,43926.5,43930.7,71.913,3159744.2892
1704672240000,43930.7,43959.4,43930.7,43950.2,55.883,2456047.6448
1704672300000,43950.2,43997.7,43950,43965.8,105.066,4620435.4213
1704672360000,43965.8,43965.9,43937.9,43937.9,127.843,5618774.3864
1704672420000,43937.9,43955,43935.9,43935.9,22.223,976664.0622
1704672480000,43935.9,43939.9,43913.2,43916.1,83.824,3682278.8152
1704672540000,43916.1,43920,43900,43920,200.601,8808478.8401
1704672600000,43920,43938.4,43900,43904,90.926,3993251.1691
1704672660000,43904,43906.8,43884.9,43886.6,97.647,4286242.2368
1704672720000,43886.6,43925,43886.6,43889.3,139.001,6103074.0924
1704672780000,43889.3,43903,43885.1,43885.1,52.405,2300258.6338
1704672840000,43885.1,43885.1,43841.1,43841.1,84.297,3697817.689
1704672900000,43841.1,43872.2,43827.3,43859.2,120.082,5265348.3888
1704672960000,43859.2,43859.2,43789.2,43789.2,73.899,3237798.5282
1704673020000,43789.2,43816,43766.9,43800,84.27,3690128.0216
1704673080000,43800,43839.5,43797.1,43818.7,42.354,1855914.3822
1704673140000,43818.7,43830,43804,43809.4,32.9,1441656.9346
1704673200000,43809.4,43834.8,43777,43800.9,65.44,2866777.5669
1704673260000,43800.9,43801,43750,43750.1,62.81,2748687.9545
1704673320000,43750.1,43776.9,43750,43776.9,33.996,1487691.0741
1704673380000,43776.9,43798,43764.4,43787.3,27.635,1209808.9988
1704673440000,43787.3,43838,43778.4,43812.5,154.188,6757144.5722
1704673500000,43812.5,43836.4,43812.5,43825.4,78.401,3436024.9305
1704673560000,43825.4,43843.1,43815,43842,39.001,1709457.2431
1704673620000,43842,43869.8,43841.9,43851.1,36.739,1611178.8426
1704673680000,43851.1,43855.9,43841.9,43855.2,12.895,565457.2666
1704673740000,43855.2,43858,43833.8,43833.8,13.227,579964.1375
1704673800000,43833.8,43856,43803.7,43854.1,24.986,1095174.8358
1704673860000,43854.1,43854.1,43763.4,43768.2,97.781,4282181.1399
1704673920000,43768.2,43802.9,43763.3,43788.7,128.361,5619513.1085
1704673980000,43788.7,43788.7,43730.2,43759,81.261,3555330.2627
1704674040000,43759,43793.6,43758.9,43776.7,20.82,911454.1333
1704674100000,43776.7,43783,43630.2,43700.2,540.534,23610702.9494
1704674160000,43700.2,43774.1,43688.3,43714.1,206.942,9050431.0982
1704674220000,43714.1,43747.4,43700,43740.6,87.931,3844163.4898
1704674280000,43740.6,43781.1,43719.4,43778.1,45.39,1985753.4274
1704674340000,43778.1,43808.1,43763.3,43804.1,72.989,3196500.1134
1704674400000,43804.1,43816.6,43776.1,43800.7,55.533,2432419.6463
1704674460000,43800.7,43804.4,43780,43780,19.013,832695.1638
1704674520000,43780,43780,43741,43757.4,57.325,2508381.3269
1704674580000,43757.4,43784.8,43744.6,43753,28.08,1228745.7625
1704674640000,43753,43760,43734.5,43743,24.216,1059352.3393
1704674700000,43743,43766,43727.5,43727.5,32.039,1401758.5341
1704674760000,43727.5,43741.1,43711.8,43735.9,45.979,2010431.2215
1704674820000,43735.9,43760.9,43696.4,43714.6,99.061,4332067.1032
1704674880000,43714.6,43715.6,43676.4,43693.2,87.689,3831439.0783
1704674940000,43693.2,43733.9,43690.2,43713.3,52.48,2293836.1316
1704675000000,43713.3,43726,43691.3,43703.2,45.002,1966791.2286
1704675060000,43703.2,43746.1,43690.3,43711.8,22.251,972794.8222
1704675120000,43711.8,43711.8,43679.1,43692.9,109.948,4803779.037
1704675180000,43692.9,43692.9,43665.6,43690.1,37.049,1618205.7391
1704675240000,43690.1,43727.5,43685.2,43700.1,17.781,777097.786
1704675300000,43700.1,43738.4,43700,43724.1,46.775,2045162.2632
1704675360000,43724.1,43747.2,43710.8,43736.7,25.528,1116463.3377
1704675420000,43736.7,43736.7,43698,43698.1,32.501,1420426.4039
1704675480000,43698.1,43715.9,43676,43676,50.253,2195509.099
1704675540000,43676,43676.1,43632.2,43641.9,155.57,6790298.4987
1704675600000,43641.9,43685,43610.8,43668,87.932,3837398.0423
1704675660000,43668,43689.8,43641.8,43688.9,24.876,1086283.8421
1704675720000,43688.9,43720.6,43686.9,43718.5,27.193,1188362.3206
1704675780000,43718.5,43730,43716,43725.8,34.501,1508566.0613
1704675840000,43725.8,43738.2,43717.4,43719.1,20.888,913405.0757
1704675900000,43719.1,43741.4,43690,43736.1,44.996,1967317.1638
1704675960000,43736.1,43763.1,43720.2,43757.8,55.592,2431838.2089
1704676020000,43757.8,43776.2,43757.8,43767.8,30.085,1316777.5351
1704676080000,43767.8,43767.8,43725.2,43734,25.053,1095681.3374
1704676140000,43734,43773.7,43732.5,43755,76.246,3335151.3285
1704676200000,43755,43803.9,43754.6,43786.1,64.937,2843569.9044
1704676260000,43786.1,43798.6,43772,43795.6,24.015,1051452.6921
1704676320000,43795.6,43808.3,43781.4,43794.1,24.078,1054621.3317
1704676380000,43794.1,43803.1,43776.5,43792.1,77.034,3373654.5312
1704676440000,43792.1,43819.8,43780,43813.1,80.013,3504612.0408
1704676500000,43813.1,43813.2,43754.9,43756.4,43.816,1918118.7151
1704676560000,43756.4,43767,43746.7,43752.5,12.716,556376.2193
1704676620000,43752.5,43794.1,43738.1,43777.8,23.878,1045179.5762
1704676680000,43777.8,43778.4,43714.2,43714.2,18.14,793365.8926
1704676740000,43714.2,43720,43690.1,43718.4,84.38,3687641.2504
1704676800000,43718.4,43747.4,43698.3,43747.4,42.703,1866942.516
1704676860000,43747.4,43788,43734.7,43767.2,72.192,3159684.6761
1704676920000,43767.2,43777.5,43742,43767.2,47.438,2075964.5628
1704676980000,43767.2,43805,43767.2,43804.9,68.936,3018457.7843
1704677040000,43804.9,43804.9,43786.1,43791.5,35.875,1571179.4715
1704677100000,43791.5,43809.9,43783.1,43790.2,46.976,2057475.8276
1704677160000,43790.2,43792.7,43782.6,43782.8,24.783,1085179.6046
1704677220000,43782.8,43782.8,43744.1,43757.6,27.363,1197482.2658
1704677280000,43757.6,43785.9,43757.6,43779.9,9.653,422528.6664
1704677340000,43779.9,43796,43764.6,43796,35.49,1553648.245
1704677400000,43796,43805,43771.9,43772,36.638,1604456.0249
1704677460000,43772,43772,43750.6,43760.3,16.641,728215.8572
1704677520000,43760.3,43806.5,43760.3,43802.1,21.486,940556.6739
1704677580000,43802.1,43802.1,43758.1,43758.2,19.75,864708.6757
1704677640000,43758.2,43758.2,43724.2,43730.1,52.204,2283037.7535
1704677700000,43730.1,43735.9,43699.6,43699.7,142.013,6207726.284
1704677760000,43699.7,43724.4,43698.7,43724.3,116.746,5102088.3791
1704677820000,43724.3,43724.4,43691,43691,62.375,2726141.4687
1704677880000,43691,43700,43684.6,43693.5,35.632,1556830.3523
1704677940000,43693.5,43693.6,43682.6,43690.9,16.358,714655.5172
1704678000000,43690.9,43700,43669.6,43680,114.049,4981348.1344
1704678060000,43680,43727.8,43671.8,43697.2,50.507,2207161.1422
1704678120000,43697.2,43720,43690.5,43692,51.179,2236907.7591
1704678180000,43692,43692,43663.5,43666.4,47.001,2052671.5286
1704678240000,43666.4,43690,43666.4,43685.5,18.508,808273.5898
1704678300000,43685.5,43712.1,43674.1,43680.1,30.525,1333588.6519
1704678360000,43680.1,43707.2,43674,43704,18.397,803902.5323
1704678420000,43704,43729.9,43700.2,43718.8,28.724,1255763.2454
1704678480000,43718.8,43730,43708,43720.9,14.029,613316.1982
1704678540000,43720.9,43725,43689.6,43698.1,14.449,631534.6939
1704678600000,43698.1,43706.8,43683.3,43699,7.333,320376.6215
1704678660000,43699,43719.9,43676,43676,13.974,610599.4786
1704678720000,43676,43690,43675.1,43685.4,24.284,1060787.0776
1704678780000,43685.4,43688.6,43673.7,43677.9,7.22,315365.6667
1704678840000,43677.9,43688.5,43677.9,43685.6,10.361,452609.7367
1704678900000,43685.6,43693.3,43671.7,43681.4,16.017,699647.8359
1704678960000,43681.4,43703,43675.1,43703,9.144,399467.2039
1704679020000,43703,43727.7,43700,43714.2,19.848,867638.299
1704679080000,43714.2,43717.7,43707.3,43714.3,15.213,665000.7842
1704679140000,43714.3,43722,43712.5,43716,17.194,751640.1885
1704679200000,43716,43726.8,43691.9,43691.9,38.893,1700006.4569
1704679260000,43691.9,43692.2,43676,43678.1,25.514,1114560.897
1704679320000,43678.1,43720.1,43676,43720.1,67.412,2944904.7595
1704679380000,43720.1,43757.8,43720,43757.6,26.909,1176887.6589
1704679440000,43757.6,43776.9,43750.8,43770.2,92.623,4053770.8701
1704679500000,43770.2,43774.1,43742,43768.1,21.579,944154.6121
1704679560000,43768.1,43797.8,43768,43793.9,26.595,1164460.9535
1704679620000,43793.9,43805,43793.9,43802.9,19.021,833147.5863
1704679680000,43802.9,43802.9,43782.9,43802.8,70.301,3079080.8069
1704679740000,43802.8,43802.9,43783.6,43786.3,62.11,2720145.1782
1704679800000,43786.3,43786.4,43757.4,43757.4,22.36,978713.2346
1704679860000,43757.4,43757.5,43730.2,43731.1,26.431,1156278.4345
1704679920000,43731.1,43731.2,43703,43708.2,24.903,1088546.5498
1704679980000,43708.2,43708.2,43686.6,43690.5,31.548,1378480.9793
1704680040000,43690.5,43690.5,43674.4,43674.5,126.846,5540736.6366
1704680100000,43674.5,43687.6,43671,43671.1,29.362,1282474.4521
1704680160000,43671.1,43673.9,43641.4,43646.7,76.287,3330309.1892
1704680220000,43646.7,43652.5,43508.1,43620.2,584.776,25478308.9863
1704680280000,43620.2,43695.1,43620.2,43690.2,118.851,5189735.7859
1704680340000,43690.2,43721.5,43690.2,43692.8,64.823,2833271.0831
1704680400000,43692.8,43723.3,43682.1,43684,32.522,1421312.8336
1704680460000,43684,43695,43662.4,43677.1,30.739,1342610.9438
1704680520000,43677.1,43716.6,43670,43715.2,34.397,1503070.74
1704680580000,43715.2,43717.2,43707.1,43708.4,18.127,792387.5044
1704680640000,43708.4,43723.1,43700,43701.7,26.983,1179404.355
1704680700000,43701.7,43704,43654.6,43657.6,63.69,2781121.4745
1704680760000,43657.6,43661.3,43637.5,43650,38.963,1700641.8416
1704680820000,43650,43667.3,43626.6,43635.9,28.289,1234684.8191
1704680880000,43635.9,43657.8,43631.4,43652,19.498,850985.2989
1704680940000,43652,43655,43631.5,43635.5,13.426,585910.0469
1704681000000,43635.5,43649.7,43610.1,43615.1,64.044,2793626.2055
1704681060000,43615.1,43667.6,43615.1,43653.1,142.33,6211554.2026
1704681120000,43653.1,43656.2,43600,43600.3,69.242,3019893.5338
1704681180000,43600.3,43642.7,43586.2,43642.7,63.141,2753226.9896
1704681240000,43642.7,43646,43624.8,43641,11.957,521786.0377
1704681300000,43641,43657,43611.6,43625.2,40.458,1764954.7373
1704681360000,43625.2,43625.9,43574.7,43576,60.611,2642166.6851
1704681420000,43576,43581.2,43450,43500.6,775.772,33748451.644
1704681480000,43500.6,43537,43355,43537,944.837,41040109.8021
1704681540000,43537,43537.9,43486,43508.2,102.974,4480741.192
1704681600000,43508.2,43562.1,43494.9,43550.1,140.017,6095088.5944
1704681660000,43550.1,43567.8,43550,43561.5,119.099,5187613.4659
1704681720000,43561.5,43562.5,43513.7,43527.8,44.652,1943851.5611
1704681780000,43527.8,43564,43504.9,43520.8,82.459,3590092.3217
1704681840000,43520.8,43520.9,43482.9,43505.8,159.595,6942846.9003
1704681900000,43505.8,43513,43486.1,43494.8,260.384,11327111.4291
1704681960000,43494.8,43499.7,43418.1,43426.4,199.838,8680879.7447
1704682020000,43426.4,43456,43367.5,43445.6,318.138,13809522.9484
1704682080000,43445.6,43469.9,43394.3,43401.9,70.615,3066816.4874
1704682140000,43401.9,43421.7,43400.5,43400.6,138.383,6007447.5986
1704682200000,43400.6,43400.6,43355,43375.8,224.05,9717161.2177
1704682260000,43375.8,43383.2,43260,43285.1,556.699,24111029.7203
1704682320000,43285.1,43346.1,43223.8,43250.2,410.889,17782162.836
1704682380000,43250.2,43282.9,43136.9,43218,875.132,37809078.8339
1704682440000,43218,43339.2,43205,43306.9,359.495,15557837.4762
1704682500000,43306.9,43359.9,43294.1,43348.2,168.043,7280927.1492
1704682560000,43348.2,43386.6,43327.3,43376.4,135.943,5895094.4043
1704682620000,43376.4,43393.7,43357.2,43374.1,80.408,3487719.7394
1704682680000,43374.1,43385.2,43352,43352.1,47.807,2073516.9797
1704682740000,43352.1,43367.4,43315.2,43363,101.358,4392806.8523
1704682800000,43363,43363,43300.3,43316.3,120.859,5236189.3825
1704682860000,43316.3,43415.9,43316.3,43415.9,201.956,8758362.5498
1704682920000,43415.9,43430.6,43405.6,43412,202.204,8779240.154
1704682980000,43412,43419.1,43397,43409.9,61.715,2678883.0681
1704683040000,43409.9,43417.9,43380.7,43388,58.899,2556238.8393
1704683100000,43388,43417.9,43386.6,43417.9,28.923,1255307.1644
1704683160000,43417.9,43440.3,43407.5,43410.9,83.17,3611795.295
1704683220000,43410.9,43425.4,43380,43403.6,71.463,3101449.4408
1704683280000,43403.6,43405.8,43384.6,43396,43.378,1882407.6989
1704683340000,43396,43408,43388.2,43399,200.015,8680653.037
1704683400000,43399,43428,43390,43427.9,36.459,1582596.8173
1704683460000,43427.9,43444.6,43402.1,43437.3,251.025,10901356.0155
1704683520000,43437.3,43437.3,43415.7,43418.5,34.595,1502273.7032
1704683580000,43418.5,43436.4,43390.4,43394,52.439,2276409.9473
1704683640000,43394,43418.3,43390.4,43390.6,39.635,1720113.5524
1704683700000,43390.6,43390.6,43319.2,43350,103.297,4477770.9407
1704683760000,43350,43369.9,43322.5,43345.3,91.973,3987279.3418
1704683820000,43345.3,43382.6,43328.9,43382.6,53.742,2329717.7732
1704683880000,43382.6,43430.9,43382.6,43426.4,84.141,3652350.0979
1704683940000,43426.4,43426.4,43406.4,43408.2,24.554,1066019.0777
1704684000000,43408.2,43418,43374,43389.9,25.868,1122429.1776
1704684060000,43389.9,43423.9,43362.8,43373,39.06,1694831.0923
1704684120000,43373,43373.1,43322.1,43322.2,46.848,2030674.9316
1704684180000,43322.2,43389.8,43322.1,43382.7,115.339,5002233.832
1704684240000,43382.7,43382.7,43341,43347.6,62.076,2691373.5561
1704684300000,43347.6,43347.6,43265.2,43312,153.309,6637048.6444
1704684360000,43312,43346.1,43247.3,43249.5,197.098,8531739.8995
1704684420000,43249.5,43266.2,43213.1,43266.2,149.911,6481892.1464
1704684480000,43266.2,43299.8,43234.3,43271.8,61.708,2669725.5582
1704684540000,43271.8,43316.2,43262.5,43285.7,92.633,4009498.3575
1704684600000,43285.7,43300,43258.2,43300,37.017,1602318.6331
1704684660000,43300,43320.2,43300,43308.5,71.279,3087187.1382
1704684720000,43308.5,43328.5,43308.4,43321.6,43.613,1889306.7911
1704684780000,43321.6,43331.7,43305.5,43308.8,18.958,821298.576
1704684840000,43308.8,43317.9,43273.1,43312,51.387,2224735.874
1704684900000,43312,43319.4,43292.2,43300.6,33.086,1432787.4855
1704684960000,43300.6,43333.3,43295.3,43326.5,39.265,1700890.0798
1704685020000,43326.5,43338.2,43300,43338.2,60.894,2637952.4002
1704685080000,43338.2,43353.3,43332,43332.4,30.859,1337559.8915
1704685140000,43332.4,43442.8,43324.8,43415.1,625.89,27159590.401
1704685200000,43415.1,43469.2,43388,43450.5,322.187,13993751.651
1704685260000,43450.5,43452.1,43408.3,43437.3,93.415,4056808.6488
1704685320000,43437.3,43499.8,43430,43472.7,267.195,11614903.0902
1704685380000,43472.7,43500,43472.7,43495.3,124.62,5420275.7038
1704685440000,43495.3,43508.7,43489.3,43496,86.489,3761871.1246
1704685500000,43496,43500,43468.3,43468.4,128.854,5602855.6243
1704685560000,43468.4,43519.7,43459.1,43514.7,83.237,3619608.6472
1704685620000,43514.7,43540.5,43501.7,43527.9,109.989,4786565.1101
1704685680000,43527.9,43554.9,43512,43536.5,94.374,4108906.0597
1704685740000,43536.5,43572.6,43525,43556.2,103.603,4512477.6372
